0.909615
0.901887
0.905534
0.930097
0.914587
0.920311
0.913085
0.919463
0.908745
0.918367
0.92589
0.905039
0.911992
0.916587
0.911197
0.913876
0.91371
0.916185
0.910318
0.900188
0.910577
0.916587
0.915628
0.923902
0.915616
0.931973
0.917954
0.907707
0.909953
0.912875
0.919574
0.918841
0.901829
0.926285
0.921588
0.911069
0.903992
0.913793
0.914622
0.910476
0.903195
0.915861
0.928291
0.899335
0.908397
0.916185
0.926254
0.920696
0.907707
0.913926
0.912046
0.915466
0.922854
0.917969
0.910048
0.895184
0.923002
0.916185
0.923301
0.913043
0.906887
0.909789
0.900662
0.903195
0.890552
0.913043
0.923077
0.921905
0.909709
0.908829
0.919417
0.912621
0.910939
0.918288
0.928225
0.911962
0.908484
0.931202
0.917387
0.919847
0.920345
0.91068
0.90746
0.905354
0.915399
0.900756
0.910749
0.921105
0.929633
0.913085
0.917387
0.907869
0.917228
0.921435
0.902184
0.912331
0.917703
0.909702
0.908918
0.903257
0.898961
0.919574
0.910391
0.913958
0.923301
0.920466
0.910561
0.915698
0.917476
0.912706
0.900093
0.916503
0.913843
0.907197
0.909875
0.909177
0.914587
0.906427
0.907869
0.900483
0.921512
0.900192
0.912835
0.91022
0.908832
0.907443
0.908658
0.910145
0.916104
0.910853
0.903164
0.933202
0.900095
0.914563
0.913926
0.905497
0.926142
0.913002
0.919884
0.901608
0.910048
0.923077
0.907781
0.921415
0.925636
0.919417
0.917795
0.922549
0.921951
0.916746
0.915942
0.920574
0.905894
0.912752
0.913545
0.919431
0.913211
0.900943
0.905033
0.918129
0.900095
0.917308
0.916185
0.910506
0.90622
0.923301
0.908309
0.911368
0.920345
0.906427
0.907692
0.909875
0.893897
0.910663
0.906641
0.925781
0.896226
0.893996
0.915287
0.910939
0.916346
0.909091
0.909178
0.908478
0.925709
0.924638
0.912214
0.918447
0.913462
0.905894
0.915942
0.906015
0.919182
0.906489
0.909004
0.906999
0.927396
0.917228
0.920696
0.919075
0.898592
0.91537
0.907619
0.927945
0.905354
0.921359
0.935039
0.914176
0.915779
0.916104
0.895327
0.908832
0.911005
0.916261
0.921875
0.905714
0.932814
0.919103
0.917064
0.912416
0.921756
0.914587
0.919261
0.919417
0.914646
0.909615
0.911453
0.909005
0.917795
0.902647
0.914423
0.932419
0.915534
0.907781
0.920039
0.921588
0.911708
0.921435
0.914751
0.915861
0.923524
0.921739
0.914449
0.91954
0.923152
0.905804
0.910318
0.913508
0.916905
0.918582
0.910305
0.912247
0.907109
0.912584
0.919463
0.91448
0.906692
0.914646
0.896289
0.907354
0.904215
0.916746
0.924345
0.915466
0.914563
0.920233
0.924878
0.919153
0.909266
0.919884
0.915698
0.912752
0.917154
0.931953
0.900662
0.912919
0.903164
0.917315
0.92062
0.910491
0.92657
0.9125
0.904853
0.904717
0.930368
0.92113
0.909265
0.914505
0.918348
0.902277
0.914789
0.913958
0.92233
0.918468
0.907498
0.908231
0.894837
0.902738
0.913168
0.91092
0.908213
0.901235
0.916427
0.906755
0.903226
0.917939
0.913498
0.919961
0.91514
0.924565
0.921078
0.915779
0.91213
0.896388
0.896552
0.91404
0.912015
0.914204
0.89603
0.931885
0.91514
0.914313
0.901141
0.912713
0.912959
0.924805
0.921722
0.928711
0.916266
0.921815
0.923598
0.921739
0.909263
0.913462
0.919961
0.89777
0.918762
0.904853
0.919771
0.919884
0.906371
0.919961
0.910476
0.910646
0.909091
0.918269
0.908478
0.927363
0.920666
0.923598
0.917546
0.914505
0.924638
0.920773
0.903992
0.925998
0.908309
0.911368
0.914587
0.917808
0.906516
0.912584
0.912835
0.916424
0.934951
0.897921
0.920039
0.907197
0.909789
0.91866
0.906399
0.907197
0.927606
0.912381
0.90566
0.920821
0.913462
0.912621
0.9173
0.914751
0.92051
0.932419
0.903042
0.926614
0.921588
0.912536
0.907958
0.900568
0.916747
0.911708
0.906161
0.913127
0.907425
0.920269
0.915157
0.902111
0.90682
0.92204
0.906955
0.89225
0.906489
0.908404
0.921965
0.924125
0.915616
0.922927
0.914505
0.907177
0.911538
0.919729
0.913416
0.903992
0.923529
0.901047
0.907197
0.896648
0.93117
0.923671
0.917073
0.894786
0.918738
0.921053
0.920696
0.911005
0.932806
0.906755
0.919496
0.912046
0.909004
0.900662
0.909875
0.931683
0.911793
0.909438
0.915861
0.918146
0.91448
0.910577
0.909179
0.918447
0.904315
0.926357
0.914587
0.912835
0.91126
0.914423
0.904762
0.917782
0.914669
0.921435
0.925709
0.913592
0.917315
0.917387
0.896067
0.918348
0.933071
0.911175
0.916104
0.910145
0.924565
0.920345
0.907109
0.911005
0.911111
0.919765
0.914258
0.910577
0.915616
0.904175
0.919729
0.91213
0.914258
0.915698
0.907707
0.907514
0.910834
0.912919
0.906099
0.927094
0.91537
0.906578
0.919574
0.902978
0.90499
0.928711
0.903349
0.916748
0.895537
0.901328
0.924198
0.914176
0.925315
0.917954
0.90458
0.916505
0.919529
0.910145
0.915452
0.914587
0.911708
0.905534
0.911197
0.913043
0.905354
0.916667
0.914751
0.908738
0.91537
0.906755
0.914976
0.923679
0.910663
0.905213
0.907088
0.906279
0.912548
0.919212
0.909266
0.909005
0.901328
0.925676
0.905571
0.931373
0.903195
0.901608
0.914423
0.901979
0.908829
0.909441
0.917308
0.925532
0.919103
0.904405
0.890566
0.907021
0.921027
0.928155
0.914341
0.908829
0.916587
0.916023
0.927114
0.920311
0.912162
0.924111
0.904489
0.902738
0.90631
0.911962
0.904808
0.90113
0.923152
0.919496
0.911538
0.921663
0.919884
0.929619
0.919574
0.932039
0.905714
0.925781
0.920849
0.908566
0.904808
0.918447
0.922255
0.923604
0.898095
0.91092
0.904762
0.896617
0.90631
0.909354
0.902554
0.915058
0.918738
0.911453
0.922631
0.917556
0.911453
0.911708
0.926758
0.90237
0.909438
0.907197
0.902462
0.912668
0.919496
0.911708
0.903718
0.912416
0.91448
0.908144
0.904808
0.920696
0.916667
0.912416
0.908035
0.909354
0.917795
0.921965
0.911538
0.907531
0.90839
0.914505
0.911597
0.921283
0.91334
0.918841
0.912046
0.910405
0.923902
0.924658
0.927734
0.900282
0.906072
0.906072
0.912621
0.91092
0.902985
0.909005
0.917874
0.919103
0.912548
0.9125
0.922927
0.916911
0.905354
0.920821
0.908222
0.916988
0.918426
0.922481
0.90691
0.909265
0.909351
0.926398
0.911597
0.913378
0.909351
0.916185
0.906887
0.918348
0.920898
0.938175
0.911597
0.911962
0.913545
0.917148
0.90839
0.916346
0.904808
0.909091
0.919182
0.902765
0.906399
0.925998
0.917308
0.911848
0.918129
0.914995
0.931907
0.901235
0.927308
0.913793
0.928778
0.913958
0.917476
0.910058
0.92471
0.90251
0.925781
0.917387
0.904899
0.916828
0.91092
0.909348
0.908918
0.930867
0.909265
0.914258
0.913378
0.907707
0.928501
0.918033
0.90839
0.920696
0.908213
0.908309
0.919231
0.911793
0.902697
0.897901
0.925926
0.922852
0.915547
0.92695
0.902765
0.907958
0.92113
0.898605
0.90295
0.924878
0.90038
0.907692
0.916587
0.901624
0.919153
0.919574
0.912077
0.911765
0.896422
0.912297
0.902184
0.906551
0.934045
0.902579
0.906516
0.909351
0.924345
0.908046
0.913462
0.920773
0.914397
0.92204
0.919844
0.919496
0.907157
0.911025
0.923671
0.909867
0.910816
0.896878
0.913168
0.916826
0.923754
0.921663
0.930528
0.908826
0.924878
0.912919
0.914811
0.922103
0.90625
0.919386
0.916908
0.914587
0.914833
0.916586
0.908663
0.906516
0.906667
0.902205
0.90586
0.93144
0.916104
0.907443
0.911005
0.904943
0.915385
0.920821
0.919884
0.900474
0.901435
0.910491
0.909005
0.920311
0.909789
0.906489
0.917625
0.919496
0.933137
0.921965
0.921875
0.926471
0.924138
0.920115
0.923745
0.907692
0.917556
0.916992
0.893881
0.897749
0.908566
0.917387
0.915628
0.918269
0.917228
0.909434
0.912875
0.913843
0.900568
0.913498
0.899048
0.90746
0.908745
0.910749
0.911822
0.92345
0.919961
0.910663
0.918866
0.913725
0.913926
0.927875
0.922179
0.919771
0.927255
0.89108
0.920498
0.907882
0.913592
0.920696
0.901887
0.924901
0.936571
0.90604
0.918112
0.927866
0.919844
0.924678
0.92546
0.909441
0.926326
0.92878
0.919231
0.897292
0.917703
0.919844
0.914258
0.903534
0.916266
0.934718
0.917235
0.899625
0.922556
0.917476
0.914122
0.915466
0.897653
0.919652
0.903349
0.920926
0.900574
0.922339
0.907372
0.908484
0.912875
0.899065
0.906427
0.907266
0.919182
0.930255
0.928919
0.917387
0.924638
0.920466
0.933005
0.925781
0.914423
0.912416
0.915157
0.929126
0.903104
0.932419
0.911111
0.930966
0.897824
0.916179
0.912916
0.929204
0.917625
0.900282
0.907707
0.916266
0.914751
0.912835
0.916104
0.909266
0.917308
0.928295
0.913378
0.920078
0.918033
0.920311
0.904489
0.923977
0.912162
0.914423
0.921531
0.906339
0.920115
0.903226
0.919153
0.928778
0.918707
0.901887
0.898289
0.916031
0.918191
0.906755
0.917874
0.915934
0.933137
0.914093
0.91453
0.901422
0.901141
0.912416
0.911025
0.904306
0.903134
0.918288
0.914995
0.914976
0.919182
0.905263
0.925998
0.921875
0.921722
0.910749
0.90586
0.898578
0.900188
0.911565
0.922179
0.894737
0.905749
0.927945
0.923077
0.91954
0.902164
0.92219
0.920543
0.917476
0.905588
0.914587
0.923977
0.904896
0.91371
0.910491
0.909962
0.902554
0.907157
0.911708
0.911623
0.930934
0.930664
0.911368
0.91564
0.907547
0.903626
0.918447
0.920744
0.907336
0.911992
0.916427
0.913876
0.895636
0.929204
0.908144
0.907021
0.911283
0.896067
0.900952
0.904762
0.919231
0.919729
0.919496
0.909696
0.912416
0.904306
0.935547
0.92
0.907197
0.908397
0.913168
0.908571
0.928854
0.921663
0.917154
0.920543
0.923375
0.909789
0.909003
0.908566
0.899905
0.908222
0.924658
0.913793
0.925417
0.909004
0.917546
0.901624
0.912381
0.917235
0.913676
0.917154
0.910134
0.923372
0.912835
0.919961
0.902111
0.91213
0.918919
0.925709
0.920466
0.915628
0.916427
0.910834
0.934506
0.889096
0.917148
0.934506
0.896455
0.911907
0.903992
0.918919
0.913843
0.907531
0.895872
0.891182
0.924198
0.914587
0.917625
0.901624
0.909796
0.926285
0.921206
0.918112
0.914729
0.908404
0.91371
0.90961
0.90797
0.913085
0.899621
0.916104
0.896226
0.912875
0.903377
0.92878
0.895131
0.911678
0.901998
0.921154
0.901235
0.911344
0.90019
0.913508
0.912331
0.899621
0.910232
0.919153
0.926142
0.923372
0.912835
0.919386
0.91683
0.922405
0.909875
0.915698
0.92955
0.921512
0.899711
0.916988
0.914976
0.923301
0.913211
0.91587
0.926686
0.913545
0.906516
0.905804
0.914833
0.914258
0.924198
0.910405
0.901701
0.906844
0.92204
0.927043
0.907603
0.92517
0.916266
0.916185
0.91376
0.913876
0.897338
0.912584
0.909179
0.92087
0.909782
0.922927
0.916988
0.90631
0.910476
0.897727
0.919075
0.921053
0.913628
0.905081
0.917308
0.925532
0.915058
0.915385
0.923598
0.919496
0.914176
0.924584
0.914505
0.903718
0.906578
0.926972
0.917715
0.906161
0.918738
0.917556
0.908222
0.911822
0.905894
0.907882
0.915222
0.918841
0.921381
0.928919
0.900474
0.914449
0.927593
0.917228
0.908222
0.915789
0.916346
0.893222
0.904175
0.907531
0.908654
0.911453
0.912584
0.924125
0.909266
0.912584
0.918447
0.919386
0.924928
0.916667
0.917546
0.90739
0.927114
0.907514
0.906551
0.911538
0.918129
0.91866
0.910939
0.919103
0.92062
0.914204
0.901624
0.918017
0.912331
0.911321
0.925388
0.895579
0.913876
0.902857
0.912835
0.916908
0.917466
0.912668
0.92527
0.908397
0.903468
0.913545
0.918387
0.904348
0.917228
0.918526
0.919339
0.908484
0.924855
0.913043
0.908144
0.90566
0.904537
0.91165
0.912416
0.912791
0.918605
0.911197
0.907619
0.913826
0.923003
0.905393
0.918129
0.908654
0.920466
0.922405
0.912416
0.911623
0.913876
0.916826
0.912451
0.902111
0.916185
0.918762
0.907354
0.913462
0.922705
0.910853
0.921875
0.911765
0.914341
0.914669
0.90839
0.911283
0.915686
0.926543
0.912162
0.901235
0.911368
0.910939
0.937808
0.914751
0.911793
0.91092
0.913462
0.928291
0.909266
0.911283
0.926214
0.885981
0.894539
0.919961
0.916427
0.905917
0.906604
0.915942
0.911453
0.927308
0.919729
0.912247
0.917874
0.92113
0.91371
0.923902
0.916507
0.911962
0.926214
0.909953
0.911453
0.9
0.909438
0.90691
0.917636
0.925926
0.913416
0.915861
0.914397
0.921053
0.907958
0.916503
0.908471
0.919729
0.922854
0.915205
0.911736
0.90746
0.923524
0.899811
0.91068
0.905444
0.923152
0.918227
0.930664
0.924805
0.919729
0.905534
0.912919
0.914367
0.907958
0.910305
0.914669
0.905213
0.912247
0.912247
0.920498
0.926214
0.913471
0.908654
0.919961
0.900669
0.920543
0.911565
0.917387
0.898192
0.905342
0.910834
0.900574
0.921283
0.905081
0.918017
0.909789
0.903071
0.911005
0.918605
0.908134
0.91334
0.918112
0.904671
0.916427
0.911822
0.920192
0.918269
0.92738
0.924855
0.918367
0.908658
0.905894
0.915303
0.90622
0.909867
0.922556
0.92695
0.908829
0.908829
0.889199
0.919765
0.912752
0.917466
0.912875
0.916111
0.898951
0.919075
0.902579
0.902857
0.918526
0.920773
0.925024
0.913168
0.900858
0.919052
0.914976
0.913628
0.911877
0.908309
0.917795
0.918447
0.917235
0.915547
0.899431
0.911453
0.904943
0.902277
0.912835
0.916031
0.913545
0.91897
0.909962
0.934378
0.909351
0.905081
0.929273
0.906072
0.910939
0.897727
0.922255
0.909528
0.909702
0.908571
0.909265
0.924198
0.913462
0.917387
0.916908
0.918129
0.920156
0.910377
0.905534
0.906615
0.904671
0.920345
0.907869
0.90586
0.915942
0.908222
0.903626
0.902347
0.911513
0.922115
0.901422
0.909524
0.923828
0.930703
0.899905
0.906731
0.927593
0.914811
0.923671
0.878539
0.90458
0.92822
0.916505
0.913378
0.921359
0.927326
0.9035
0.912098
0.916667
0.912331
0.904899
0.920388
0.913211
0.907547
0.926398
0.917782
0.907781
0.921435
0.908829
0.9109
0.914587
0.924878
0.913958
0.910208
0.913628
0.915686
0.920192
0.918919
0.910058
0.918504
0.919355
0.927308
0.940828
0.903718
0.917228
0.916587
0.914976
0.907882
0.916747
0.903318
0.913876
0.909702
0.906933
0.908144
0.914729
0.912668
0.919075
0.899621
0.916346
0.918191
0.903226
0.91109
0.917315
0.910331
0.914587
0.928501
0.915452
0.911283
0.905123
0.915205
0.905354
0.899905
0.931507
0.905534
0.907634
0.912214
0.913876
0.925636
0.913378
0.908293
0.913592
0.912796
0.923375
0.915222
0.914176
0.911368
0.909004
0.916985
0.923892
0.901811
0.913002
0.9
0.91165
0.91401
0.905534
0.911513
0.912621
0.910561
0.907088
0.909615
0.909702
0.901718
0.914093
0.923375
0.902462
0.921512
0.914423
0.926614
0.903718
0.92955
0.937193
0.914563
0.913378
0.914397
0.909789
0.92219
0.91092
0.93117
0.908134
0.909178
0.900952
0.920076
0.904265
0.91401
0.908397
0.919765
0.931751
0.902738
0.92062
0.902184
0.91371
0.914258
0.919308
0.919075
0.917154
0.912879
0.902554
0.907354
0.903718
0.910048
0.909177
0.914122
0.917228
0.936647
0.919153
0.916908
0.919807
0.915385
0.925417
0.901235
0.93046
0.917636
0.918816
0.89424
0.916826
0.929423
0.914587
0.920156
0.903226
0.913002
0.92233
0.903442
0.913958
0.908742
0.922549
0.927114
0.919574
0.924436
0.914914
0.918762
0.912791
0.905444
0.912752
0.909528
0.911793
0.919386
0.935707
0.910853
0.907707
0.905983
0.911197
0.913462
0.915076
0.906489
0.915222
0.905033
0.91022
0.902392
0.911283
0.907707
0.912331
0.924565
0.92
0.914176
0.918129
0.913462
0.920498
0.918787
0.91371
0.919496
0.902647
0.914995
0.900376
0.899431
0.918426
0.924928
0.926901
0.911623
0.908829
0.898951
0.917874
0.914176
0.910134
0.907088
0.903013
0.900387
0.920422
0.911822
0.918208
0.926471
0.916424
0.916908
0.902091
0.911708
0.90622
0.912835
0.918526
0.912835
0.925709
0.908309
0.914669
0.914176
0.916023
0.912919
0.912668
0.912331
0.919765
0.935103
0.917148
0.916261
0.922776
0.931574
0.913628
0.889831
0.918348
0.92323
0.914286
0.935798
0.909615
0.912247
0.903864
0.922776
0.899621
0.927094
0.907882
0.914204
0.920926
0.916266
0.927593
0.917308
0.923226
0.907531
0.925998
0.908134
0.907021
0.922636
0.906844
0.917466
0.916507
0.901624
0.911197
0.917874
0.914894
0.920422
0.916911
0.923604
0.907443
0.921875
0.893333
0.916746
0.917546
0.900763
0.918997
0.924658
0.920115
0.917703
0.917546
0.915547
0.905123
0.923745
0.909875
0.917235
0.909796
0.915385
0.919687
0.927466
0.898113
0.910561
0.900095
0.914258
0.918997
0.921588
0.911907
0.916424
0.89603
0.925388
0.909875
0.929633
0.92
0.915698
0.912416
0.912046
0.900952
0.927184
0.904943
0.907354
0.902857
0.911005
0.920078
0.917636
0.915861
0.915058
0.921588
0.93184
0.90856
0.900563
0.907869
0.916908
0.916905
0.907619
0.917795
0.926901
0.922852
0.919884
0.907603
0.929332
0.917874
0.926142
0.91401
0.921359
0.92549
0.907443
0.912835
0.91165
0.917148
0.919652
0.927593
0.904215
0.899905
0.91165
0.926428
0.919339
0.917143
0.906427
0.913793
0.917154
0.902622
0.918738
0.920388
0.920849
0.923301
0.919463
0.91022
0.920696
0.893897
0.919729
0.923598
0.906339
0.915287
0.926543
0.91404
0.911513
0.906371
0.913545
0.916587
0.91401
0.918033
0.920311
0.91376
0.89746
0.923828
0.907781
0.9125
0.920849
0.913378
0.91376
0.911765
0.918191
0.904447
0.907443
0.919417
0.910048
0.909351
0.916746
0.930556
0.911623
0.922625
0.924492
0.919496
0.91371
0.903257
0.911565
0.908742
0.913378
0.911765
0.900568
0.907246
0.917782
0.91376
0.914258
0.92345
0.903104
0.91092
0.919339
0.902205
0.90625
0.904215
0.901905
0.906371
0.917068
0.915698
0.909091
0.905172
0.913926
0.916185
0.915466
0.91109
0.918426
0.919922
0.914669
0.914341
0.906489
0.906399
0.916828
0.910834
0.914811
0.91126
0.921799
0.93144
0.919339
0.918526
0.905303
0.906371
0.908663
0.921569
0.913545
0.902978
0.918348
0.926181
0.922179
0.921283
0.909438
0.917064
0.925781
0.910577
0.913793
0.924805
0.917703
0.912752
0.90613
0.920543
0.903592
0.904899
0.923524
0.911907
0.930528
0.913793
0.924272
0.914995
0.920115
0.899906
0.909875
0.886704
0.906427
0.897338
0.899048
0.92433
0.907443
0.898961
0.920269
0.910244
0.898209
0.908318
0.913793
0.899719
0.915779
0.908571
0.903442
0.91122
0.917154
0.92123
0.912297
0.91022
0.900943
0.937685
0.914122
0.905497
0.922701
0.911513
0.917556
0.905303
0.918866
0.929264
0.911005
0.91109
0.910134
0.919729
0.923671
0.89877
0.920543
0.92878
0.918288
0.904031
0.902347
0.90961
0.913907
0.905497
0.923679
0.907266
0.915686
0.925
0.900285
0.912961
0.910232
0.917235
0.910391
0.92546
0.909782
0.909348
0.905303
0.925144
0.900474
0.916911
0.908231
0.904762
0.913462
0.932039
0.923604
0.905804
0.912536
0.915466
0.913843
0.921206
0.917476
0.916424
0.895833
0.914729
0.928501
0.901811
0.895238
0.913127
0.904537
0.923301
0.920156
0.911197
0.926829
0.921206
0.924198
0.906933
0.915076
0.914587
0.91109
0.93301
0.925781
0.914258
0.918919
0.894096
0.908144
0.922927
0.914176
0.916992
0.912919
0.920696
0.919417
0.918526
0.905838
0.903661
0.921002
0.905894
0.915287
0.921588
0.923902
0.92
0.918526
0.911708
0.912281
0.911283
0.91109
0.905263
0.915934
0.908134
0.904853
0.910293
0.914258
0.921337
0.898674
0.904356
0.910419
0.925287
0.915534
0.906933
0.920345
0.914914
0.911005
0.905534
0.919961
0.913002
0.913251
0.897363
0.925709
0.927022
0.900282
0.912835
0.921588
0.902857
0.915271
0.92345
0.913127
0.923598
0.892824
0.916031
0.927184
0.91537
0.926758
0.912959
0.930934
0.913545
0.912162
0.927114
0.910476
0.912752
0.911962
0.919308
0.909004
0.920574
0.916266
0.929537
0.913508
0.917476
0.909354
0.91022
0.921002
0.912919
0.909875
0.915942
0.902111
0.924051
0.915547
0.901141
0.915534
0.924272
0.909528
0.908742
0.914397
0.905571
0.919182
0.922631
0.914286
0.910834
0.90153
0.90691
0.907354
0.934653
0.916826
0.918605
0.915319
0.909266
0.916266
0.908318
0.917636
0.909615
0.906489
0.922481
0.911962
0.911538
0.910577
0.920976
0.911877
0.925388
0.914729
0.931774
0.913545
0.914122
0.925643
0.920078
0.923819
0.921722
0.928016
0.914669
0.912162
0.907619
0.936
0.918841
0.901608
0.906867
0.91022
0.907372
0.909696
0.916179
0.909178
0.914093
0.916828
0.92204
0.933729
0.920156
0.913251
0.91092
0.913793
0.915709
0.915942
0.91092
0.90038
0.918049
0.909875
0.901435
0.922027
0.925563
0.922027
0.91371
0.910577
0.91423
0.90613
0.916911
0.915205
0.902647
0.909524
0.914976
0.913127
0.910663
0.906489
0.905838
0.90628
0.909351
0.908309
0.920311
0.918367
0.908742
0.925243
0.905213
0.919463
0.920388
0.903226
0.900478
0.91126
0.901718
0.912919
0.928358
0.922255
0.909519
0.906641
0.912214
0.916427
0.917387
0.923375
0.913592
0.916747
0.912416
0.907354
0.916747
0.915205
0.911175
0.904943
0.912297
0.91401
0.910048
0.915547
0.908742
0.925417
0.915222
0.914258
0.909953
0.920696
0.910593
0.917476
0.925532
0.908918
0.914176
0.898095
0.906099
0.911793
0.911538
0.914367
0.908478
0.926285
0.916185
0.916587
0.896584
0.913378
0.916104
0.895033
0.919844
0.910476
0.908309
0.915271
0.914894
0.910853
0.902738
0.922852
0.909875
0.920588
0.930392
0.922481
0.909265
0.918191
0.924855
0.911025
0.913592
0.921359
0.915769
0.907707
0.915466
0.90613
0.925781
0.909615
0.916746
0.914423
0.918112
0.892586
0.899038
0.916505
0.925
0.917228
0.922027
0.895793
0.902579
0.925197
0.916427
0.926142
0.903534
0.910048
0.918841
0.925532
0.92607
0.903195
0.928994
0.921512
0.928994
0.89751
0.901544
0.924125
0.899152
0.926357
0.906755
0.906615
0.908309
0.913168
0.926142
0.914258
0.918112
0.919922
0.92113
0.910232
0.909005
0.92051
0.91572
0.922115
0.904853
0.914176
0.922405
0.930049
0.911992
0.915399
0.915686
0.905172
0.918208
0.911962
0.918582
0.914976
0.914833
0.920192
0.929273
0.917143
0.908571
0.916667
0.897073
0.915789
0.916905
0.890875
0.907531
0.907109
0.916427
0.921739
0.919231
0.918841
0.911453
0.914995
0.912331
0.912752
0.916429
0.92
0.908566
0.916427
0.91401
0.911907
0.925097
0.91537
0.903901
0.912631
0.914204
0.924038
0.918605
0.921305
0.909266
0.918866
0.912584
0.905714
0.925781
0.932367
0.921053
0.917476
0.901608
0.916104
0.908484
0.908658
0.929064
0.917148
0.915942
0.904306
0.909696
0.898095
0.91126
0.919694
0.915698
0.918447
0.912162
0.907425
0.924827
0.906516
0.920388
0.892958
0.91587
0.901316
0.90295
0.903534
0.90961
0.91537
0.917625
0.915452
0.910749
0.92527
0.916586
0.925097
0.914314
0.886256
0.910593
0.92189
0.924638
0.910491
0.918033
0.912416
0.909789
0.902277
0.898687
0.926782
0.901777
0.918208
0.917396
0.905804
0.908318
0.911877
0.918208
0.909434
0.915547
0.9
0.921154
0.909789
0.915466
0.911344
0.912584
0.912584
0.922265
0.911848
0.920696
0.913462
0.918738
0.911479
0.919807
0.913211
0.895085
0.917387
0.915789
0.9109
0.909867
0.919182
0.926142
0.907795
0.917476
0.904808
0.906641
0.917874
0.922027
0.923598
0.910834
0.914204
0.901998
0.901701
0.908832
0.926181
0.904943
0.906461
0.913043
0.912214
0.924565
0.904084
0.912706
0.925097
0.918997
0.913462
0.90251
0.913462
0.899436
0.912297
0.924051
0.906578
0.900568
0.9173
0.92189
0.912381
0.909696
0.908566
0.926104
0.904135
0.909867
0.916261
0.913958
0.925072
0.913843
0.918582
0.918288
0.916988
0.926285
0.908478
0.901718
0.921739
0.920773
0.920976
0.923301
0.922405
0.911368
0.908658
0.906489
0.917954
0.915616
0.904447
0.913424
0.911513
0.914122
0.912584
0.895579
0.914258
0.922854
0.921053
0.917308
0.902091
0.913843
0.91401
0.904306
0.904398
0.916185
0.899621
0.916667
0.911565
0.925962
0.916507
0.907285
0.923003
0.901701
0.914286
0.919261
0.925962
0.895775
0.917636
0.915222
0.92451
0.905172
0.900574
0.914751
0.920156
0.920078
0.911513
0.92051
0.918762
0.916587
0.909177
0.910749
0.910663
0.906755
0.915385
0.920543
0.913876
0.914122
0.907946
0.906072
0.921154
0.898855
0.917874
0.933137
0.925243
0.923152
0.915122
0.9125
0.915779
0.917636
0.927255
0.920926
0.912919
0.920115
0.897727
0.909091
0.917148
0.899144
0.918129
0.914176
0.90038
0.904265
0.91126
0.92113
0.908484
0.90961
0.911962
0.910491
0.918919
0.909351
0.918269
0.917387
0.914423
0.933594
0.922405
0.907795
0.913378
0.906399
0.914423
0.912713
0.908917
0.930392
0.919652
0.897749
0.912706
0.909528
0.904853
0.909438
0.913251
0.910391
0.918191
0.916266
0.922103
0.919496
0.910134
0.908478
0.92062
0.903226
0.91376
0.919884
0.898758
0.906731
0.909789
0.928641
0.906161
0.913043
0.922103
0.914314
0.898209
0.907197
0.920345
0.914258
0.909528
0.927255
0.906072
0.912584
0.909782
0.919807
0.914258
0.909004
0.91358
0.901811
0.907109
0.909875
0.905588
0.910058
0.915628
0.909441
0.917064
0.907197
0.913793
0.922631
0.913002
0.928225
0.904084
0.902554
0.914122
0.918288
0.917148
0.912835
0.924125
0.910834
0.914976
0.938675
0.90085
0.921951
0.904532
0.917874
0.919617
0.90295
0.909867
0.915385
0.902647
0.909524
0.908057
0.926758
0.911005
0.91866
0.914833
0.903131
0.92113
0.912584
0.916185
0.935231
0.903164
0.903534
0.913545
0.921359
0.904163
0.907882
0.925097
0.928291
0.905534
0.91109
0.932353
0.907619
0.913725
0.916667
0.911877
0.915303
0.905983
0.92955
0.911822
0.917636
0.926326
0.922481
0.918447
0.913333
0.898496
0.919261
0.914232
0.907869
0.911344
0.923745
0.904943
0.918683
0.909091
0.926543
0.908478
0.924783
0.909621
0.910391
0.918173
0.894981
0.914995
0.91022
0.925819
0.917728
0.915287
0.917068
0.907619
0.90622
0.912752
0.921512
0.920696
0.929619
0.922405
0.899716
0.906161
0.919231
0.913958
0.92878
0.91548
0.914833
0.912548
0.918208
0.916747
0.91401
0.909962
0.930528
0.919496
0.913628
0.920156
0.910491
0.907197
0.908057
0.913085
0.90595
0.927536
0.906844
0.914286
0.911368
0.918288
0.913508
0.911597
0.916667
0.910134
0.911708
0.911306
0.902462
0.916427
0.894638
0.916746
0.924272
0.907177
0.905714
0.913826
0.904123
0.913211
0.938247
0.916023
0.897411
0.89877
0.930556
0.922103
0.894737
0.913843
0.91213
0.93386
0.925097
0.90566
0.923077
0.907795
0.903442
0.912247
0.913744
0.916828
0.909357
0.901811
0.922255
0.932806
0.908134
0.916427
0.914176
0.897267
0.915861
0.89717
0.908397
0.916828
0.913676
0.920821
0.904084
0.908134
0.91514
0.906755
0.91109
0.930867
0.908222
0.892756
0.924584
0.90458
0.918173
0.906072
0.929481
0.917466
0.908649
0.909266
0.902604
0.90381
0.91109
0.903992
0.91514
0.919884
0.910834
0.924805
0.918173
0.906461
0.92123
0.92113
0.923828
0.917148
0.907109
0.90691
0.931818
0.904356
0.920543
0.89924
0.901998
0.928225
0.914062
0.934524
0.914669
0.907707
0.92345
0.914811
0.926214
0.915616
0.919608
0.91022
0.933333
0.902647
0.924731
0.911175
0.924138
0.918582
0.917476
0.907795
0.898758
0.909091
0.898578
0.908213
0.901718
0.901998
0.903683
0.921965
0.916503
0.915122
0.916424
0.918504
0.917387
0.911069
0.912331
0.916098
0.91126
0.927466
0.920773
0.918191
0.918683
0.928155
0.912416
0.908745
0.899526
0.908918
0.917068
0.911344
0.906999
0.915076
0.928079
0.923002
0.907266
0.906072
0.899809
0.907354
0.909615
0.919574
0.902037
0.91371
0.909178
0.916261
0.923819
0.911283
0.898113
0.907707
0.905081
0.917889
0.914811
0.919231
0.897241
0.913168
0.914729
0.911962
0.916985
0.917476
0.90237
0.916828
0.903846
0.919574
0.918504
0.88764
0.905894
0.907177
0.920802
0.922255
0.905482
0.920269
0.916905
0.904348
0.917546
0.898305
0.927043
0.899719
0.914751
0.920345
0.913958
0.914646
0.907354
0.918683
0.904808
0.901811
0.908484
0.915789
0.919496
0.911392
0.907443
0.911283
0.920192
0.927094
0.916992
0.906933
0.920802
0.913043
0.910663
0.914587
0.901608
0.91514
0.927875
0.917148
0.898782
0.914093
0.914976
0.917625
0.909441
0.915385
0.928016
0.908832
0.904306
0.897363
0.916828
0.912416
0.918033
0.919496
0.922625
0.904943
0.921359
0.906933
0.918112
0.904175
0.916023
0.915547
0.908654
0.909449
0.913592
0.920466
0.916507
0.905624
0.905838
0.912464
0.911962
0.92666
0.913002
0.921799
0.919261
0.912046
0.909962
0.906933
0.909524
0.916104
0.906578
0.908571
0.919463
0.913545
0.911538
0.919844
0.917466
0.902486
0.926181
0.913628
0.92278
0.927308
0.907531
0.898592
0.906161
0.912331
0.916905
0.903901
0.918707
0.927805
0.903846
0.918367
0.915686
0.932287
0.9109
0.911793
0.911283
0.922631
0.90797
0.904853
0.921965
0.912381
0.921078
0.933466
0.911623
0.916908
0.919339
0.934249
0.920976
0.921435
0.908571
0.920192
0.909178
0.898674
0.914258
0.933005
0.919103
0.914314
0.911429
0.925563
0.900952
0.917556
0.914062
0.90613
0.899152
0.916746
0.897727
0.919153
0.901593
0.919132
0.911962
0.922414
0.91022
0.920976
0.913002
0.909621
0.907707
0.918683
0.923375
0.927664
0.920078
0.899621
0.904896
0.920726
0.90631
0.921512
0.917064
0.912331
0.919339
0.929195
0.915942
0.911538
0.912668
0.918866
0.903901
0.91683
0.910491
0.920744
0.918605
0.918288
0.89877
0.92517
0.900474
0.910766
0.892019
0.920666
0.918605
0.907958
0.918367
0.914563
0.919844
0.915039
0.92051
0.908918
0.924436
0.902111
0.904398
0.910663
0.92345
0.920354
0.908829
0.914505
0.926543
0.912584
0.909005
0.907177
0.913793
0.910561
0.913168
0.910939
0.904807
0.9125
0.918208
0.915942
0.911623
0.916507
0.912919
0.913002
0.915058
0.926829
0.927945
0.896584
0.905983
0.920466
0.91126
0.915861
0.910048
0.922852
0.917143
0.912214
0.920388
0.923604
0.914563
0.917387
0.911708
0.916342
0.915058
0.918447
0.926499
0.919417
0.917556
0.89763
0.92113
0.913545
0.923226
0.902647
0.904853
0.905804
0.923228
0.922405
0.914894
0.918605
0.922179
0.92126
0.903409
0.920388
0.918033
0.923301
0.902347
0.912162
0.912752
0.929633
0.910491
0.918605
0.917222
0.91453
0.910577
0.904717
0.926901
0.921512
0.908124
0.912621
0.921739
0.916911
0.895238
0.921002
0.907088
0.906489
0.92657
0.903774
0.916104
0.917808
0.916427
0.908566
0.915452
0.916988
0.912752
0.907795
0.913676
0.913498
0.921569
0.910816
0.926428
0.919574
0.916667
0.917728
0.91126
0.909702
0.919961
0.921002
0.889727
0.924051
0.90237
0.921663
0.916747
0.904537
0.903226
0.907781
0.912416
0.925962
0.912621
0.914646
0.91514
0.926214
0.897556
0.932673
0.920543
0.924951
0.912584
0.909179
0.914286
0.904489
0.907514
0.917861
0.92345
0.917228
0.912584
0.925563
0.908571
0.921663
0.903042
0.929064
0.930931
0.913592
0.909621
0.90113
0.925676
0.919308
0.917728
0.904671
0.906161
0.931707
0.923077
0.919496
0.918683
0.929756
0.910663
0.915303
0.91448
0.931068
0.921569
0.916111
0.924783
0.916266
0.931507
0.922027
0.91213
0.903409
0.913251
0.914751
0.910391
0.902205
0.90499
0.892351
0.918269
0.906489
0.902184
0.905263
0.906399
0.919024
0.913876
0.904215
0.917715
0.92065
0.915157
0.909702
0.904899
0.913843
0.913333
0.911597
0.913295
0.912536
0.916908
0.911368
0.9
0.91537
0.912331
0.907882
0.918269
0.913628
0.902554
0.932419
0.921681
0.914341
0.928919
0.900469
0.904899
0.911453
0.91954
0.910939
0.929332
0.908742
0.902037
0.923454
0.926142
0.898782
0.915861
0.921283
0.910491
0.913211
0.899341
0.908309
0.908745
0.912214
0.918841
0.924213
0.922852
0.916747
0.914751
0.914833
0.912919
0.909875
0.921512
0.902672
0.905123
0.907795
0.919417
0.933532
0.897556
0.921645
0.907285
0.917636
0.915779
0.908571
0.91897
0.913462
0.917874
0.90113
0.912959
0.915942
0.91022
0.914995
0.917148
0.907425
0.909971
0.915385
0.914833
0.926901
0.904356
0.903534
0.917795
0.920588
0.905263
0.913628
0.909962
0.909091
0.911429
0.917556
0.914505
0.905983
0.905131
0.917068
0.910491
0.916505
0.913843
0.91564
0.920345
0.900188
0.9
0.903939
0.922927
0.91213
0.893697
0.904853
0.900568
0.914646
0.922115
0.906933
0.909524
0.910405
0.933005
0.918447
0.910577
0.929825
0.919386
0.925532
0.92546
0.915303
0.909875
0.902184
0.88806
0.915861
0.912162
0.908571
0.908478
0.918841
0.908222
0.920039
0.910232
0.896128
0.922103
0.906844
0.933594
0.917969
0.905894
0.911175
0.916667
0.911681
0.909875
0.901422
0.923745
0.904671
0.922705
0.923002
0.913416
0.911283
0.940535
0.896714
0.912464
0.911175
0.911538
0.9303
0.936585
0.915303
0.912247
0.912875
0.894886
0.908301
0.918526
0.926033
0.907946
0.901718
0.910476
0.91068
0.90839
0.919608
0.907869
0.917546
0.919729
0.904943
0.918348
0.916988
0.910577
0.917782
0.898855
0.915076
0.903134
0.922115
0.909962
0.908484
0.913251
0.916905
0.908654
0.913295
0.911005
0.911907
0.904175
0.914729
0.911793
0.898386
0.916587
0.922103
0.913043
0.905263
0.899811
0.917148
0.917064
0.912416
0.907246
0.926686
0.913295
0.91092
0.907882
0.91376
0.896878
0.909441
0.916507
0.909962
0.901734
0.927326
0.915466
0.911025
0.921739
0.908915
0.927043
0.914314
0.911453
0.918841
0.916587
0.922852
0.920849
0.908566
0.917308
0.916016
0.917228
0.919844
0.92233
0.902184
0.914176
0.924272
0.905679
0.910134
0.907514
0.904215
0.912548
0.911344
0.90613
0.917874
0.915058
0.913416
0.909524
0.897073
0.919765
0.910145
0.910145
0.925709
0.910318
0.91537
0.920388
0.911513
0.917308
0.916667
0.917546
0.918269
0.904853
0.902392
0.910134
0.909615
0.920115
0.911992
0.926142
0.905983
0.911538
0.907443
0.920115
0.917466
0.904398
0.909867
0.910491
0.911793
0.919687
0.92878
0.915709
0.916023
0.919231
0.912919
0.91022
0.911565
0.913628
0.916507
0.916585
0.909178
0.91022
0.908222
0.918208
0.908046
0.916266
0.911429
0.920311
0.916185
0.925998
0.91401
0.915452
0.900282
0.90153
0.92189
0.911623
0.921283
0.917315
0.911005
0.92051
0.915058
0.899526
0.902791
0.929842
0.90613
0.908213
0.927875
0.909528
0.90595
0.914729
0.918841
0.912668
0.915769
0.915222
0.912195
0.917315
0.896584
0.899719
0.918997
0.902091
0.921756
0.914258
0.91627
0.915303
0.924658
0.926733
0.908566
0.911538
0.918762
0.910476
0.90499
0.926829
0.916911
0.915222
0.918348
0.917228
0.918129
0.916905
0.907197
0.91627
0.88785
0.913498
0.914729
0.904671
0.916988
0.917546
0.918841
0.926214
0.914093
0.912959
0.910834
0.919153
0.904447
0.918208
0.916185
0.91514
0.918919
0.912631
0.930118
0.901422
0.890244
0.914258
0.905081
0.911175
0.909265
0.908057
0.913127
0.930799
0.917308
0.914914
0.913043
0.909875
0.912875
0.907021
0.922852
0.909615
0.912875
0.916828
0.915958
0.926901
0.898017
0.913876
0.911708
0.923151
0.906933
0.92062
0.919574
0.916342
0.914563
0.927536
0.913793
0.908301
0.909441
0.917148
0.916746
0.905123
0.920039
0.905213
0.930664
0.908397
0.906667
0.924805
0.915058
0.888372
0.908654
0.922705
0.903901
0.916342
0.910405
0.918208
0.924125
0.904896
0.914423
0.929688
0.912706
0.895677
0.905894
0.89675
0.897556
0.920388
0.919386
0.913958
0.917808
0.917625
0.909615
0.915861
0.907692
0.896128
0.910939
0.921456
0.914397
0.918288
0.908571
0.90566
0.911283
0.921359
0.915205
0.923977
0.923524
0.925344
0.909702
0.896617
0.921815
0.902111
0.906844
0.893458
0.906692
0.913592
0.916667
0.909091
0.916104
0.914914
0.905679
0.918426
0.923977
0.915058
0.914286
0.909789
0.922481
0.919153
0.914956
0.920039
0.917795
0.900579
0.898565
0.909438
0.91376
0.922179
0.910834
0.91109
0.90631
0.915942
0.918683
0.915466
0.914423
0.922405
0.903901
0.919417
0.916266
0.909875
0.906072
0.916185
0.911175
0.922103
0.917636
0.920422
0.907946
0.914914
0.925388
0.92062
0.914204
0.895085
0.907856
0.899716
0.906731
0.911877
0.909696
0.918447
0.91371
0.92607
0.916185
0.90283
0.927875
0.905624
0.92345
0.895932
0.904532
0.935078
0.920849
0.911962
0.914062
0.91866
0.915205
0.922488
0.913793
0.918919
0.909354
0.913592
0.920726
0.911962
0.916988
0.921002
0.917387
0.898386
0.906072
0.919103
0.915238
0.911877
0.916586
0.911848
0.920849
0.908917
0.913127
0.920233
0.923226
0.922929
0.926614
0.911197
0.89877
0.904762
0.921078
0.914146
0.912919
0.910476
0.923077
0.917387
0.927326
0.907707
0.920696
0.910058
0.917546
0.908222
0.904716
0.906731
0.914669
0.924345
0.916587
0.914914
0.910048
0.91548
0.910305
0.915547
0.906339
0.92
0.921756
0.921739
0.923152
0.912621
0.928364
0.916746
0.908124
0.907177
0.919153
0.914505
0.901328
0.919844
0.910405
0.907246
0.917148
0.902857
0.91213
0.911025
0.922925
0.906461
0.895382
0.916505
0.913168
0.904031
0.897653
0.915238
0.911005
0.90619
0.90458
0.914341
0.901341
0.922405
0.910134
0.910816
0.913168
0.924878
0.912584
0.914587
0.899811
0.899341
0.909348
0.91213
0.911429
0.90797
0.91371
0.926181
0.909962
0.918919
0.908124
0.910731
0.914833
0.917068
0.921359
0.900943
0.92233
0.917954
0.918269
0.907266
0.915222
0.924638
0.914729
0.905749
0.915789
0.915205
0.923604
0.913211
0.911538
0.916667
0.924492
0.918605
0.893088
0.910853
0.918683
0.90381
0.92546
0.912416
0.919261
0.90604
0.899526
0.917148
0.91092
0.918348
0.92885
0.910391
0.899716
0.90797
0.910476
0.920233
0.91548
0.925388
0.906551
0.919617
0.917636
0.920976
0.914563
0.907603
0.919496
0.898401
0.908484
0.908566
0.902184
0.914423
0.915709
0.905927
0.913958
0.914751
0.90961
0.911046
0.898578
0.910134
0.917939
0.915452
0.925781
0.907958
0.917546
0.912959
0.914122
0.926457
0.919765
0.90283
0.908566
0.920696
0.917466
0.917068
0.913085
0.914976
0.915779
0.910491
0.902579
0.91022
0.915466
0.918191
0.928988
0.917068
0.909091
0.915547
0.904398
0.928072
0.905123
0.910766
0.914176
0.904624
0.907514
0.915466
0.923226
0.903901
0.915934
0.915547
0.899716
0.919729
0.916667
0.918468
0.923745
0.900756
0.918348
0.923598
0.913168
0.908917
0.912331
0.925889
0.9
0.906933
0.908742
0.905213
0.906692
0.925709
0.896486
0.908222
0.907869
0.91587
0.916988
0.92123
0.926853
0.924951
0.913676
0.921606
0.907088
0.909265
0.917715
0.921965
0.911597
0.909533
0.916346
0.91358
0.922852
0.907197
0.909528
0.92822
0.920118
0.916988
0.901701
0.911025
0.918129
0.920949
0.922255
0.910491
0.899535
0.919075
0.911453
0.911197
0.904356
0.914122
0.921951
0.927664
0.904943
0.89916
0.905894
0.907795
0.91358
0.920311
0.928225
0.920926
0.924436
0.913662
0.922927
0.918526
0.903992
0.91334
0.911111
0.908478
0.911932
0.913907
0.913826
0.923671
0.911822
0.911111
0.918683
0.927146
0.92204
0.913843
0.918348
0.90113
0.904943
0.928079
0.90283
0.909266
0.911822
0.904031
0.916185
0.927593
0.920849
0.911175
0.907197
0.90458
0.901223
0.909953
0.899906
0.899431
0.911962
0.908566
0.918526
0.913085
0.914833
0.908649
0.902091
0.919652
0.917396
0.940137
0.912959
0.909867
0.912752
0.906731
0.905894
0.921154
0.920898
0.920078
0.928016
0.906489
0.923902
0.912621
0.925072
0.902392
0.925854
0.912919
0.906551
0.93046
0.909178
0.934951
0.897844
0.911453
0.907021
0.907514
0.917068
0.926214
0.909091
0.920696
0.925532
0.912668
0.913676
0.915222
0.926758
0.898662
0.910134
0.916424
0.919574
0.902037
0.91401
0.90019
0.913002
0.912959
0.921512
0.928429
0.910491
0.925747
0.917703
0.899906
0.918112
0.921283
0.921965
0.915851
0.917703
0.920078
0.900192
0.908829
0.911623
0.89924
0.899065
0.92065
0.916826
0.920696
0.914914
0.912548
0.915769
0.90613
0.912668
0.907109
0.919608
0.910145
0.901811
0.910391
0.920849
0.892453
0.908134
0.912875
0.905123
0.906489
0.918447
0.909438
0.903442
0.915616
0.925417
0.923001
0.922929
0.918367
0.92589
0.916911
0.918997
0.910058
0.912297
0.91109
0.894938
0.920849
0.902765
0.925315
0.89763
0.935323
0.920156
0.91537
0.914258
0.899431
0.924752
0.909265
0.911005
0.917636
0.925962
0.922481
0.908134
0.918208
0.91092
0.910766
0.921875
0.915861
0.905927
0.912214
0.902647
0.911153
0.928431
0.917476
0.922255
0.908832
0.906399
0.908301
0.910208
0.915698
0.918919
0.90961
0.914751
0.923152
0.912875
0.908309
0.922244
0.904265
0.90613
0.922556
0.915385
0.905354
0.912668
0.900858
0.906072
0.906461
0.923152
0.924419
0.915942
0.901593
0.898782
0.920926
0.906399
0.899813
0.907177
0.916826
0.917954
0.906516
0.914176
0.918997
0.916667
0.918582
0.919652
0.914423
0.927875
0.909796
0.920466
0.915466
0.912162
0.911623
0.912835
0.924805
0.911111
0.914751
0.918112
0.902091
0.917636
0.916507
0.918288
0.89877
0.904943
0.925636
0.910816
0.915039
0.901422
0.904215
0.919961
0.899152
0.922179
0.913508
0.912464
0.908046
0.911197
0.909091
0.904808
0.925781
0.901887
0.916266
0.908057
0.91165
0.905497
0.895382
0.911283
0.894096
0.914176
0.898961
0.910405
0.908742
0.914258
0.907767
0.938796
0.902205
0.913676
0.899811
0.919153
0.909003
0.907354
0.908318
0.907021
0.914729
0.923304
0.909004
0.928711
0.909782
0.903134
0.918191
0.905444
0.909962
0.930209
0.901718
0.910391
0.900858
0.914789
0.923902
0.929412
0.910058
0.904265
0.916098
0.916179
0.919884
0.903864
0.917954
0.919308
0.934055
0.905354
0.919261
0.901794
0.909702
0.901718
0.924051
0.912416
0.928501
0.92738
0.918049
0.909621
0.897921
0.912668
0.903992
0.919729
0.911453
0.91092
0.921283
0.920233
0.900285
0.920849
0.897782
0.910134
0.923745
0.908829
0.906072
0.923598
0.919308
0.906399
0.917556
0.916427
0.920574
0.911932
0.9125
0.920156
0.928072
0.917241
0.913378
0.908826
0.910048
0.924272
0.923301
0.903442
0.911932
0.919687
0.915157
0.904896
0.926686
0.91945
0.920422
0.919182
0.910749
0.920152
0.906999
0.919153
0.90499
0.916747
0.923002
0.919529
0.916748
0.911623
0.913793
0.922405
0.922321
0.898758
0.895677
0.910048
0.92657
0.910749
0.93184
0.918683
0.919496
0.906489
0.914995
0.916031
0.918288
0.922103
0.910749
0.901408
0.905444
0.911623
0.909875
0.918582
0.917068
0.917795
0.918997
0.932814
0.916747
0.914093
0.916985
0.915076
0.918191
0.927255
0.909438
0.906339
0.914563
0.92
0.903864
0.917387
0.908404
0.916667
0.922556
0.930392
0.925636
0.904447
0.905033
0.925097
0.920926
0.898961
0.915698
0.922556
0.914505
0.913251
0.906551
0.901608
0.90839
0.918129
0.90682
0.916185
0.917228
0.909615
0.905714
0.924125
0.93144
0.914646
0.914423
0.915942
0.91109
0.914976
0.920466
0.925781
0.917795
0.92
0.915222
0.912046
0.925636
0.908918
0.931507
0.918816
0.910663
0.911538
0.895833
0.914122
0.919961
0.927043
0.929064
0.925388
0.912879
0.902184
0.91092
0.910318
0.90613
0.924125
0.909615
0.910577
0.910834
0.908654
0.906844
0.92123
0.905081
0.902462
0.916586
0.931727
0.901794
0.913295
0.906489
0.904808
0.909266
0.913085
0.909354
0.909265
0.917308
0.910663
0.929688
0.90604
0.915779
0.905917
0.90622
0.923301
0.92233
0.917068
0.922115
0.897267
0.914894
0.905588
0.916988
0.920345
0.916587
0.915547
0.899531
0.924805
0.911822
0.908134
0.903683
0.901593
0.908134
0.913251
0.917969
0.918762
0.923152
0.920311
0.913211
0.925243
0.912046
0.918504
0.91954
0.911623
0.927734
0.911907
0.919765
0.916098
0.900656
0.897844
0.909266
0.907869
0.917466
0.915303
0.908738
0.901593
0.918526
0.906279
0.907514
0.90961
0.917861
0.922179
0.923301
0.913926
0.90797
0.914397
0.90458
0.907088
0.906489
0.908832
0.906489
0.920039
0.922929
0.905624
0.911283
0.912706
0.905894
0.909615
0.89459
0.93202
0.905263
0.911453
0.912464
0.913127
0.925669
0.910048
0.907514
0.92123
0.914751
0.908829
0.911538
0.904215
0.912162
0.904807
0.91897
0.918348
0.907354
0.898649
0.912875
0.918288
0.908213
0.918269
0.925388
0.92189
0.912959
0.918208
0.918762
0.915709
0.910663
0.922854
0.911344
0.923604
0.920498
0.913295
0.917636
0.896975
0.916988
0.918033
0.923301
0.905033
0.92345
0.915385
0.922556
0.908832
0.90019
0.930934
0.897143
0.906755
0.906399
0.905497
0.911025
0.905444
0.924111
0.911565
0.89404
0.918548
0.91404
0.907958
0.92062
0.896422
0.911513
0.901449
0.895184
0.915547
0.901435
0.906161
0.909351
0.915628
0.9035
0.916586
0.917379
0.930596
0.909696
0.918112
0.911538
0.902697
0.910405
0.912331
0.912416
0.914204
0.904123
0.90295
0.907603
0.939275
0.922115
0.913545
0.909528
0.902738
0.90682
0.902277
0.924419
0.915709
0.918191
0.920422
0.90381
0.895184
0.908035
0.898305
0.899431
0.898416
0.896519
0.906427
0.911005
0.914669
0.919024
0.914314
0.904671
0.914995
0.905033
0.914811
0.909524
0.92113
0.901515
0.91022
0.91448
0.904532
0.905804
0.90566
0.913793
0.916747
0.915547
0.921951
0.915547
0.901037
0.909702
0.911025
0.912247
0.918348
0.913424
0.908134
0.910476
0.914062
0.905354
0.918191
0.923902
0.900574
0.918997
0.917703
0.915534
0.911538
0.925998
0.908658
0.915319
0.901047
0.913628
0.910853
0.919417
0.913255
0.908478
0.913793
0.905917
0.918367
0.906489
0.91213
0.908397
0.918945
0.902579
0.913002
0.917715
0.921739
0.911565
0.900858
0.908654
0.906461
0.901887
0.913926
0.918049
0.926614
0.912959
0.915303
0.911538
0.925676
0.92549
0.915709
0.925024
0.911992
0.906339
0.901811
0.911111
0.91401
0.913628
0.914341
0.920543
0.94006
0.905804
0.914587
0.923152
0.905749
0.906755
0.910318
0.90595
0.90237
0.90961
0.920666
0.905393
0.908478
0.920543
0.91587
0.905172
0.908035
0.922631
0.939364
0.900662
0.905081
0.923379
0.912247
0.91683
0.898209
0.930435
0.912668
0.905444
0.904398
0.907443
0.918605
0.909266
0.922927
0.891284
0.898017
0.91092
0.899719
0.912959
0.907531
0.911025
0.91404
0.92219
0.921512
0.910749
0.917636
0.910731
0.913085
0.916266
0.923524
0.924198
0.912835
0.903164
0.905303
0.921588
0.902299
0.916424
0.909263
0.904624
0.920574
0.927326
0.914894
0.922103
0.916023
0.90839
0.911681
0.918605
0.919652
0.920696
0.917546
0.908742
0.90682
0.905482
0.898951
0.919231
0.925417
0.907869
0.915534
0.928988
0.921739
0.91453
0.907882
0.917625
0.902885
0.920078
0.901141
0.920192
0.906641
0.923679
0.910476
0.922481
0.914122
0.908745
0.926686
0.925563
0.916828
0.916346
0.914341
0.924492
0.913498
0.907285
0.916111
0.925
0.907266
0.924805
0.919962
0.922481
0.926972
0.907619
0.912214
0.908917
0.9125
0.912247
0.905894
0.905263
0.900842
0.920498
0.901923
0.917476
0.903718
0.900568
0.908835
0.901608
0.925417
0.912247
0.930324
0.903774
0.908222
0.901246
0.915547
0.906399
0.913876
0.916016
0.914423
0.905033
0.916586
0.907443
0.927184
0.910038
0.905444
0.894439
0.925781
0.915452
0.91619
0.917466
0.911538
0.901408
0.923077
0.910491
0.915547
0.899621
0.892756
0.911681
0.909789
0.918033
0.914914
0.91068
0.912331
0.918288
0.91092
0.908309
0.901923
0.900858
0.913126
0.916023
0.926758
0.906489
0.922705
0.911597
0.902672
0.917466
0.923965
0.918269
0.903134
0.905314
0.897533
0.911197
0.913208
0.917068
0.927237
0.919687
0.908404
0.909867
0.900943
0.912464
0.908658
0.919153
0.920773
0.907088
0.915466
0.913211
0.917143
0.927326
0.91619
0.905894
0.903349
0.922179
0.897267
0.913171
0.916988
0.898951
0.913043
0.916111
0.92271
0.918112
0.920543
0.912247
0.893396
0.905679
0.926142
0.899906
0.925854
0.907869
0.915303
0.906999
0.924878
0.914751
0.927308
0.926712
0.901501
0.916266
0.922852
0.910048
0.909528
0.925709
0.920466
0.907088
0.902672
0.923529
0.919496
0.893597
0.925676
0.921283
0.896651
0.924951
0.922852
0.911005
0.893637
0.91514
0.904532
0.921815
0.921799
0.924436
0.898866
0.907443
0.919771
0.912752
0.918191
0.913926
0.933333
0.914397
0.925604
0.924752
0.923375
0.900095
0.912366
0.904899
0.93184
0.924565
0.902885
0.922549
0.91126
0.91092
0.925359
0.928361
0.915628
0.919807
0.924125
0.923375
0.914258
0.903226
0.91126
0.910318
0.929688
0.9035
0.909524
0.910834
0.913793
0.917954
0.914646
0.918017
0.916424
0.913545
0.919884
0.907177
0.904762
0.918627
0.904808
0.913333
0.913676
0.904084
0.923671
0.927237
0.924345
0.908484
0.924878
0.914833
0.904807
0.905033
0.91537
0.911175
0.915385
0.911822
0.909789
0.911793
0.912961
0.901435
0.905894
0.913978
0.913002
0.90283
0.926142
0.920821
0.902347
0.904853
0.914563
0.90631
0.911111
0.921359
0.905534
0.908046
0.914894
0.902392
0.911907
0.919075
0.920574
0.904716
0.884579
0.918367
0.912347
0.912331
0.933598
0.913424
0.91423
0.893497
0.919182
0.91126
0.921053
0.923151
0.920543
0.907869
0.909962
0.910939
0.914587
0.90961
0.908654
0.910134
0.894981
0.903992
0.918033
0.911708
0.909178
0.909789
0.911368
0.901047
0.913295
0.915238
0.923077
0.907721
0.928571
0.901047
0.897844
0.886512
0.915303
0.913843
0.921722
0.928364
0.919153
0.917148
0.929605
0.912381
0.930934
0.899531
0.905444
0.906489
0.916587
0.906103
0.90797
0.904853
0.904489
0.911453
0.903257
0.904163
0.895494
0.911025
0.910058
0.919652
0.910491
0.911368
0.899522
0.919153
0.908738
0.909789
0.902554
0.910476
0.921154
0.917556
0.905393
0.915399
0.910048
0.914286
0.925097
0.923604
0.910134
0.915789
0.912162
0.919386
0.903134
0.912046
0.913498
0.914505
0.910834
0.912796
0.920269
0.914811
0.913378
0.90604
0.913545
0.918426
0.915769
0.910731
0.916185
0.917889
0.933399
0.913498
0.917861
0.919153
0.923152
0.916905
0.902554
0.913876
0.920388
0.903257
0.926214
0.912713
0.92113
0.913462
0.912297
0.916908
0.900574
0.912331
0.908301
0.914176
0.897363
0.907721
0.904031
0.897533
0.899048
0.929688
0.9173
0.918841
0.917782
0.913378
0.910834
0.905894
0.908917
0.908571
0.922405
0.909533
0.913002
0.930966
0.917466
0.923819
0.911368
0.929825
0.907767
0.897073
0.923679
0.915058
0.917874
0.916828
0.926972
0.912195
0.916748
0.925819
0.900756
0.925197
0.902738
0.912046
0.915205
0.908497
0.905172
0.912668
0.911025
0.921951
0.913926
0.91092
0.908057
0.916023
0.902697
0.910232
0.91109
0.908484
0.899906
0.907021
0.920269
0.90961
0.908654
0.922397
0.918605
0.919807
0.904265
0.925889
0.903754
0.921531
0.914341
0.909615
0.904489
0.918129
0.912835
0.92233
0.914397
0.905405
0.919961
0.911344
0.9125
0.906667
0.905571
0.919182
0.895992
0.910405
0.914751
0.928924
0.911623
0.917636
0.915157
0.909867
0.90085
0.919417
0.906461
0.908134
0.913333
0.915076
0.91401
0.912214
0.911453
0.922255
0.907531
0.916908
0.920666
0.92062
0.913251
0.913211
0.914423
0.921663
0.924878
0.916098
0.916261
0.909091
0.929842
0.909348
0.913378
0.91371
0.919231
0.909696
0.909351
0.920926
0.925388
0.926326
0.915547
0.911793
0.916016
0.917625
0.912381
0.908654
0.903992
0.932419
0.891098
0.916746
0.907677
0.927308
0.90625
0.906371
0.91109
0.908309
0.919574
0.908382
0.907177
0.913676
0.906191
0.916988
0.905571
0.915547
0.918348
0.913508
0.914563
0.891791
0.915942
0.922115
0.913295
0.921206
0.921053
0.92189
0.921381
0.928016
0.921663
0.906755
0.927326
0.903318
0.921337
0.919922
0.916587
0.89924
0.918762
0.905714
0.895579
0.911623
0.913462
0.92657
0.911538
0.91109
0.907266
0.904532
0.916427
0.917636
0.913793
0.921053
0.930392
0.913251
0.91109
0.909266
0.920078
0.917625
0.923301
0.91126
0.910646
0.899436
0.913907
0.91404
0.90153
0.919308
0.925315
0.910318
0.904031
0.915628
0.908566
0.926214
0.921154
0.911538
0.912416
0.9109
0.905804
0.904943
0.920466
0.915222
0.927664
0.917647
0.92278
0.904225
0.906399
0.911538
0.921381
0.907795
0.909884
0.925
0.920156
0.913295
0.918033
0.900568
0.913676
0.920432
0.905749
0.914914
0.910305
0.907692
0.91423
0.914811
0.920976
0.911392
0.908478
0.909178
0.914976
0.90381
0.922631
0.913628
0.911681
0.923226
0.916828
0.910749
0.904265
0.908745
0.920926
0.92113
0.917228
0.903318
0.913545
0.888786
0.910405
0.906399
0.91866
0.906667
0.91448
0.926368
0.915547
0.896324
0.907869
0.914914
0.909177
0.892857
0.91404
0.926712
0.908738
0.907177
0.917715
0.913168
0.916503
0.913251
0.920197
0.915452
0.920115
0.925097
0.894587
0.905081
0.905804
0.909178
0.917715
0.9125
0.923304
0.909524
0.922705
0.909091
0.916828
0.897241
0.920821
0.899809
0.917073
0.921965
0.916908
0.916587
0.906516
0.908918
0.918762
0.911597
0.904943
0.927875
0.905393
0.931707
0.898192
0.903226
0.923524
0.911111
0.904306
0.921305
0.908222
0.913843
0.909441
0.917546
0.922927
0.905714
0.908918
0.907869
0.914258
0.905081
0.911005
0.913002
0.90622
0.90839
0.906731
0.917954
0.903442
0.911005
0.909528
0.904398
0.919386
0.908566
0.921154
0.910232
0.9285
0.921002
0.92471
0.920466
0.923913
0.900469
0.925532
0.902738
0.927451
0.904899
0.920311
0.922103
0.919308
0.911306
0.898209
0.902462
0.914914
0.917874
0.917228
0.921435
0.924783
0.905354
0.905123
0.909796
0.909962
0.928016
0.901449
0.917939
0.934314
0.895677
0.916908
0.911513
0.918447
0.919729
0.907547
0.911453
0.914669
0.90283
0.921965
0.898289
0.909884
0.9125
0.91092
0.913592
0.91022
0.915466
0.908397
0.908301
0.921875
0.91022
0.921283
0.923375
0.904405
0.918866
0.909867
0.907514
0.910749
0.919608
0.904537
0.907197
0.924419
0.905033
0.923301
0.910048
0.917939
0.911623
0.909953
0.910391
0.9125
0.915466
0.927522
0.912297
0.918367
0.91401
0.910318
0.912835
0.907531
0.908478
0.909004
0.90631
0.899526
0.916587
0.923002
0.922179
0.926686
0.925998
0.912046
0.922405
0.921815
0.917556
0.922488
0.919182
0.905804
0.921588
0.907869
0.895579
0.911538
0.922103
0.918526
0.901435
0.915385
0.903864
0.906731
0.913926
0.897073
0.919153
0.917308
0.919103
0.910134
0.918348
0.894332
0.912247
0.920744
0.915385
0.928924
0.905263
0.925676
0.911283
0.915222
0.920422
0.925388
0.908571
0.910577
0.923902
0.91376
0.907425
0.903626
0.911538
0.907407
0.921875
0.896975
0.911877
0.909265
0.913826
0.914176
0.916023
0.89794
0.908478
0.918447
0.904084
0.899341
0.931102
0.911793
0.923077
0.911962
0.907547
0.927875
0.91371
0.91401
0.909354
0.925
0.916905
0.910145
0.905393
0.917808
0.903257
0.903992
0.905894
0.916346
0.908397
0.921722
0.909004
0.925388
0.924051
0.903164
0.924125
0.898289
0.913843
0.929481
0.909438
0.921435
0.925926
0.931885
0.919339
0.913926
0.898209
0.913545
0.930966
0.917636
0.904762
0.913002
0.900376
0.901905
0.914751
0.911429
0.906489
0.916346
0.919652
0.89751
0.918683
0.927451
0.924951
0.920696
0.907707
0.92278
0.916111
0.903626
0.918762
0.91514
0.917466
0.916346
0.920976
0.916185
0.906551
0.904671
0.913168
0.925636
0.917308
0.911453
0.91404
0.920849
0.923152
0.922027
0.928571
0.91165
0.904175
0.906755
0.911283
0.92051
0.916505
0.913926
0.89717
0.906489
0.92955
0.912835
0.911344
0.911851
0.914423
0.924125
0.92823
0.919496
0.92657
0.92517
0.914563
0.91401
0.908134
0.907514
0.905039
0.910318
0.91587
0.929134
0.919694
0.915628
0.913043
0.893797
0.902256
0.917073
0.917939
0.908134
0.915698
0.925049
0.917064
0.914341
0.915534
0.912668
0.923828
0.917476
0.90113
0.920388
0.902857
0.900285
0.922696
0.907498
0.924361
0.906796
0.906667
0.923754
0.906161
0.912247
0.915222
0.908134
0.922929
0.911453
0.917148
0.923375
0.924361
0.917068
0.908566
0.903286
0.922556
0.913592
0.915205
0.915779
0.899057
0.90586
0.895579
0.919574
0.901152
0.919339
0.903939
0.916023
0.908829
0.917466
0.916104
0.914563
0.918269
0.917396
0.924878
0.914914
0.919617
0.914976
0.906844
0.915616
0.911907
0.917874
0.930934
0.91448
0.89837
0.909709
0.917228
0.922255
0.921663
0.912214
0.89877
0.916908
0.918208
0.908397
0.919386
0.920156
0.900094
0.915616
0.920773
0.917476
0.917556
0.918112
0.91068
0.909265
0.910731
0.925747
0.913907
0.898113
0.914367
0.913168
0.921002
0.90622
0.920498
0.926972
0.90797
0.91866
0.909004
0.919182
0.933137
0.914505
0.910663
0.926428
0.913043
0.916988
0.917556
0.909789
0.916266
0.921722
0.906999
0.926758
0.899618
0.909789
0.90595
0.908654
0.914122
0.911153
0.916988
0.912464
0.91514
0.913545
0.903718
0.911429
0.925573
0.921951
0.902913
0.913628
0.912548
0.91376
0.896262
0.915076
0.898017
0.914669
0.913628
0.904537
0.915039
0.931707
0.888889
0.902765
0.917154
0.910834
0.907795
0.919153
0.931751
0.915709
0.911344
0.912668
0.907958
0.923902
0.915942
0.919103
0.905769
0.902091
0.905804
0.900858
0.917476
0.92113
0.916427
0.915709
0.911344
0.91126
0.914505
0.90631
0.908318
0.903718
0.908046
0.899811
0.909179
0.915616
0.934055
0.901047
0.912875
0.927255
0.903992
0.908663
0.919339
0.910145
0.902299
0.920233
0.918605
0.911962
0.911765
0.90604
0.916905
0.907514
0.908571
0.914587
0.916185
0.910305
0.907692
0.924951
0.923679
0.919729
0.897267
0.926614
0.916828
0.914341
0.920849
0.901037
0.904348
0.915547
0.924272
0.917064
0.918526
0.912879
0.912046
0.915399
0.93184
0.909354
0.903257
0.902922
0.923671
0.915628
0.907197
0.913085
0.91092
0.905444
0.927308
0.915222
0.904265
0.919153
0.923226
0.895338
0.909789
0.897045
0.917795
0.898401
0.918582
0.907157
0.910476
0.92955
0.909005
0.918367
0.917068
0.915534
0.907603
0.897484
0.894434
0.911793
0.899135
0.907781
0.899335
0.901811
0.922179
0.922115
0.916424
0.919075
0.92233
0.908035
0.918582
0.928295
0.904762
0.903013
0.903164
0.901235
0.918738
0.912835
0.913958
0.919231
0.914976
0.916427
0.908397
0.909696
0.91404
0.923604
0.904762
0.91092
0.929057
0.920976
0.899526
0.9109
0.915385
0.903226
0.926686
0.912668
0.908649
0.912536
0.916104
0.910577
0.918919
0.913168
0.908046
0.911708
0.902347
0.910391
0.92549
0.941
0.918605
0.915942
0.904031
0.913793
0.920432
0.917795
0.915205
0.916826
0.922255
0.935078
0.921154
0.91866
0.907531
0.917874
0.92233
0.911283
0.916023
0.912548
0.913508
0.918269
0.904762
0.930279
0.921965
0.921663
0.895579
0.909789
0.899906
0.915547
0.90613
0.923745
0.912879
0.916826
0.918033
0.897901
0.912331
0.920422
0.921722
0.909875
0.910816
0.913793
0.928016
0.904899
0.899425
0.89404
0.937685
0.903318
0.896584
0.910048
0.910156
0.907781
0.910038
0.923902
0.918348
0.915466
0.90613
0.896617
0.913958
0.908046
0.933333
0.900669
0.895636
0.912959
0.910646
0.931707
0.916667
0.917228
0.922927
0.910038
0.908124
0.922927
0.912331
0.916507
0.916828
0.914286
0.896878
0.909533
0.928641
0.913085
0.90444
0.917954
0.916747
0.915547
0.906551
0.921283
0.913628
0.917068
0.924783
0.919153
0.917387
0.901047
0.904986
0.916828
0.909782
0.916023
0.887955
0.89678
0.908046
0.893557
0.901341
0.907088
0.917808
0.913876
0.918288
0.921965
0.909789
0.916427
0.902299
0.901608
0.915628
0.917228
0.904123
0.912247
0.909867
0.909615
0.90631
0.914505
0.912464
0.917715
0.912536
0.916023
0.903592
0.907619
0.893296
0.903164
0.916424
0.929126
0.907795
0.916266
0.908134
0.912098
0.907177
0.917546
0.917073
0.906399
0.902697
0.913926
0.903286
0.915686
0.917954
0.923002
0.912015
0.920821
0.912366
0.91092
0.921588
0.915058
0.913498
0.903992
0.914423
0.907781
0.896324
0.914833
0.923529
0.921645
0.916427
0.914341
0.908222
0.919339
0.911793
0.916667
0.915861
0.914751
0.919132
0.930392
0.892193
0.909005
0.915094
0.908309
0.912668
0.920388
0.906399
0.906578
0.907197
0.903901
0.914146
0.913168
0.916016
0.90797
0.931774
0.909434
0.914341
0.909875
0.918447
0.914587
0.920233
0.909962
0.912247
0.905263
0.916985
0.924783
0.914669
0.91213
0.904084
0.92549
0.911344
0.912281
0.912098
0.91165
0.908397
0.914258
0.923754
0.915942
0.891284
0.904627
0.915157
0.91092
0.913211
0.918095
0.917228
0.914176
0.92955
0.912791
0.914176
0.914669
0.901887
0.919261
0.907443
0.912706
0.904671
0.912046
0.917148
0.898674
0.907266
0.913508
0.923077
0.912875
0.91109
0.919496
0.917228
0.909615
0.899906
0.918033
0.902277
0.914833
0.903592
0.913002
0.914505
0.912247
0.91334
0.922179
0.911907
0.904175
0.930233
0.90969
0.913793
0.901701
0.904853
0.928364
0.911175
0.913168
0.915222
0.915039
0.913462
0.923304
0.922255
0.920821
0.914811
0.922625
0.918447
0.930664
0.919417
0.920543
0.913462
0.920233
0.911111
0.913002
0.919339
0.911623
0.908745
0.921002
0.916828
0.922631
0.91022
0.910048
0.916586
0.912281
0.929481
0.904356
0.924805
0.923225
0.918112
0.926357
0.920466
0.914258
0.924125
0.911175
0.911962
0.918269
0.925388
0.910145
0.903718
0.903164
0.910577
0.912668
0.917148
0.91109
0.922255
0.91548
0.92738
0.920432
0.926142
0.91556
0.909789
0.932338
0.915058
0.903568
0.902486
0.899436
0.91866
0.919024
0.916023
0.913378
0.930255
0.893435
0.912416
0.885688
0.905894
0.911005
0.915466
0.918683
0.913127
0.921815
0.930324
0.914258
0.920192
0.914505
0.903349
0.90595
0.922179
0.907869
0.919652
0.917636
0.913295
0.914505
0.922027
0.902277
0.912919
0.907781
0.905213
0.909875
0.912366
0.920078
0.915222
0.898674
0.909782
0.924184
0.913926
0.905588
0.916911
0.90153
0.92278
0.914122
0.901701
0.914341
0.916505
0.890047
0.903318
0.914811
0.920696
0.915628
0.911848
0.907109
0.916185
0.911623
0.897073
0.910405
0.906999
0.907882
0.903696
0.904084
0.930966
0.910593
0.913793
0.923965
0.923379
0.922179
0.902765
0.922321
0.904624
0.917889
0.918447
0.907372
0.916988
0.917647
0.900952
0.893738
0.921305
0.916346
0.920773
0.916424
0.912077
0.923828
0.914976
0.923225
0.917308
0.912959
0.925344
0.917546
0.904084
0.911069
0.925388
0.909524
0.900288
0.908658
0.897608
0.896165
0.91954
0.924731
0.91371
0.912959
0.91126
0.901328
0.919339
0.89717
0.908301
0.908571
0.901341
0.911538
0.902462
0.899719
0.916507
0.916747
0.922631
0.919153
0.921663
0.917466
0.916346
0.904537
0.908222
0.921053
0.917396
0.91213
0.905769
0.908318
0.922631
0.911597
0.923828
0.911538
0.910476
0.917577
0.910749
0.925926
0.908829
0.910577
0.900756
0.91022
0.923372
0.904899
0.917154
0.90622
0.916023
0.925123
0.909528
0.914729
0.926758
0.914587
0.902462
0.917647
0.907795
0.921875
0.929273
0.917782
0.898782
0.908046
0.916667
0.916266
0.920821
0.898758
0.904537
0.9173
0.928364
0.906604
0.910476
0.91109
0.920078
0.909696
0.905444
0.920233
0.907795
0.911453
0.904853
0.913592
0.908046
0.910939
0.923226
0.922556
0.913508
0.917782
0.913926
0.911597
0.89717
0.91165
0.914853
0.923225
0.910048
0.908046
0.913295
0.922852
0.912791
0.9303
0.924361
0.914976
0.908222
0.905033
0.923604
0.92062
0.910853
0.914505
0.894386
0.925926
0.901718
0.900474
0.92345
0.90237
0.895872
0.907958
0.92233
0.905534
0.917466
0.909091
0.91423
0.898401
0.912488
0.919386
0.906161
0.912247
0.911344
0.909696
0.910123
0.906667
0.921965
0.90613
0.917485
0.914995
0.924184
0.918605
0.926428
0.91514
0.903955
0.909265
0.908046
0.912752
0.909875
0.913127
0.901235
0.902091
0.906731
0.915303
0.922701
0.916988
0.921359
0.908566
0.917556
0.898482
0.905838
0.923375
0.924492
0.9125
0.912247
0.899526
0.906161
0.915222
0.916104
0.914314
0.90499
0.922556
0.922776
0.914258
0.913424
0.912046
0.924198
0.892925
0.925315
0.916747
0.915861
0.915547
0.911793
0.910134
0.913416
0.917235
0.919884
0.914729
0.906933
0.919153
0.932153
0.910491
0.919574
0.913462
0.915058
0.897073
0.911962
0.91022
0.922556
0.913958
0.912264
0.916424
0.926901
0.910048
0.911175
0.920078
0.909971
0.896092
0.903534
0.909091
0.909528
0.918447
0.904398
0.900866
0.906667
0.906844
0.89548
0.916023
0.903534
0.902922
0.930732
0.920773
0.90153
0.911877
0.905534
0.913676
0.917148
0.918191
0.919884
0.918997
0.911597
0.914751
0.902738
0.914811
0.914093
0.92546
0.912077
0.912381
0.921569
0.904807
0.919182
0.913043
0.913043
0.89877
0.907882
0.92657
0.898496
0.910232
0.908222
0.90628
0.914314
0.92517
0.925926
0.909528
0.914751
0.911681
0.898192
0.919417
0.927451
0.910391
0.923077
0.900858
0.902072
0.914894
0.924951
0.910577
0.913793
0.913295
0.907021
0.917969
0.913958
0.913002
0.93117
0.904807
0.918191
0.916667
0.911962
0.926712
0.91401
0.916828
0.90604
0.920744
0.915698
0.90381
0.897196
0.911175
0.909962
0.911197
0.908046
0.914811
0.896422
0.904447
0.923524
0.916985
0.900935
0.911513
0.90595
0.911708
0.914751
0.916266
0.920115
0.916427
0.915628
0.91213
0.910577
0.911877
0.902885
0.906489
0.907109
0.921722
0.896262
0.902765
0.917625
0.903409
0.912668
0.915287
0.92051
0.916346
0.909962
0.919024
0.901718
0.916746
0.909962
0.913793
0.91213
0.926181
0.910048
0.909524
0.916185
0.904123
0.917556
0.932039
0.919103
0.92189
0.913628
0.911623
0.911368
0.911992
0.906339
0.912077
0.898496
0.905213
0.920078
0.903626
0.918738
0.921951
0.914423
0.918762
0.898226
0.913843
0.903226
0.912381
0.919574
0.918033
0.914258
0.905213
0.917969
0.92607
0.920039
0.904671
0.922027
0.919922
0.915616
0.910318
0.904532
0.918841
0.906399
0.913251
0.904255
0.917466
0.90295
0.912916
0.907354
0.902091
0.903409
0.921815
0.916667
0.920666
0.912247
0.907707
0.913002
0.923745
0.918997
0.923745
0.911368
0.905983
0.920156
0.892423
0.898951
0.916587
0.912791
0.914367
0.916346
0.901624
0.918762
0.913462
0.917546
0.914176
0.920039
0.913295
0.91996
0.924198
0.919496
0.904537
0.893158
0.900095
0.902091
0.92878
0.914122
0.908829
0.914176
0.907443
0.907795
0.914729
0.900579
0.921951
0.913378
0.916507
0.902091
0.914751
0.903846
0.919386
0.909962
0.928361
0.928501
0.913793
0.91404
0.913628
0.903718
0.919182
0.909438
0.907692
0.898192
0.905263
0.927043
0.915222
0.904671
0.909004
0.911765
0.903195
0.907603
0.918605
0.913958
0.924419
0.911765
0.91423
0.907946
0.904163
0.917874
0.895872
0.930097
0.894787
0.901047
0.917636
0.913085
0.918112
0.904356
0.905172
0.911597
0.923298
0.903257
0.913958
0.903318
0.904943
0.914258
0.90622
0.903534
0.910405
0.918269
0.913171
0.90295
0.906072
0.909438
0.903318
0.911877
0.897241
0.912631
0.89678
0.925097
0.922556
0.919153
0.92
0.905172
0.918129
0.912247
0.900474
0.926712
0.923226
0.918367
0.900192
0.922103
0.919961
0.884328
0.921663
0.917073
0.926285
0.923077
0.916266
0.916185
0.918945
0.913002
0.905303
0.906844
0.902486
0.907619
0.912959
0.919529
0.926543
0.909266
0.924063
0.916826
0.903013
0.92738
0.898305
0.908397
0.902462
0.932814
0.919884
0.903257
0.935231
0.902978
0.917954
0.919261
0.916992
0.921588
0.924584
0.928155
0.923828
0.920773
0.900952
0.922027
0.911005
0.918919
0.912959
0.912791
0.902462
0.909971
0.908654
0.910134
0.915452
0.905393
0.911736
0.912195
0.900474
0.898482
0.898482
0.91092
0.920773
0.90458
0.901037
0.915076
0.925243
0.924272
0.931135
0.913876
0.904306
0.91376
0.919961
0.909091
0.909782
0.901734
0.936884
0.918762
0.916427
0.915779
0.907882
0.909441
0.906796
0.906755
0.904031
0.907088
0.909696
0.904045
0.908046
0.916507
0.928155
0.907317
0.911681
0.914587
0.927326
0.907109
0.912875
0.915238
0.919687
0.91514
0.928711
0.907781
0.930898
0.903992
0.92546
0.929195
0.915709
0.915287
0.916111
0.89877
0.924603
0.906399
0.912381
0.917861
0.900574
0.909962
0.924272
0.919807
0.909005
0.920039
0.911765
0.911538
0.929961
0.899713
0.912831
0.924198
0.928291
0.903409
0.916266
0.900952
0.914093
0.905714
0.914505
0.913462
0.919529
0.928361
0.903774
0.898876
0.900188
0.917556
0.92815
0.899057
0.909004
0.910134
0.91092
0.921002
0.921435
0.914751
0.914995
0.909004
0.920233
0.914669
0.907692
0.907197
0.92878
0.901246
0.91126
0.91537
0.902111
0.928364
0.916185
0.909445
0.920976
0.903718
0.91866
0.919153
0.901979
0.909867
0.919386
0.897844
0.914646
0.909178
0.907933
0.913958
0.903955
0.919652
0.918191
0.912416
0.919463
0.921154
0.928433
0.901794
0.902256
0.921078
0.931641
0.936318
0.905393
0.921078
0.913424
0.91514
0.931135
0.927043
0.915616
0.916828
0.909524
0.930097
0.9125
0.920588
0.921283
0.910391
0.909179
0.915709
0.909351
0.912713
0.911538
0.915076
0.903286
0.911793
0.92189
0.931001
0.902579
0.913508
0.903534
0.901223
0.913744
0.915942
0.912631
0.913127
0.906489
0.901979
0.917315
0.894737
0.901316
0.912214
0.915628
0.898305
0.910134
0.916746
0.907443
0.916342
0.910405
0.901923
0.906578
0.904853
0.913043
0.902486
0.909789
0.912366
0.916266
0.919961
0.900669
0.910646
0.91109
0.920156
0.919231
0.898113
0.916992
0.91376
0.904671
0.903718
0.915058
0.913002
0.915628
0.895793
0.900474
0.902978
0.927805
0.900756
0.908124
0.910244
0.894096
0.901998
0.908738
0.909524
0.913333
0.91401
0.914914
0.910834
0.935231
0.907882
0.915076
0.911565
0.906706
0.909263
0.913876
0.903864
0.896324
0.921359
0.924565
0.897556
0.917308
0.899526
0.918033
0.897363
0.913424
0.916179
0.920078
0.920345
0.927734
0.911368
0.914341
0.911133
0.899057
0.912668
0.920197
0.902392
0.920388
0.915452
0.906578
0.910491
0.924361
0.910123
0.903939
0.922103
0.914093
0.921756
0.927165
0.907197
0.903901
0.908745
0.911005
0.916023
0.934888
0.90839
0.918426
0.92589
0.915157
0.909357
0.906641
0.903718
0.914505
0.914833
0.911822
0.915616
0.906667
0.933137
0.923003
0.922414
0.927466
0.916667
0.902072
0.907619
0.902184
0.903318
0.907692
0.914811
0.903042
0.915222
0.918251
0.906999
0.914611
0.923301
0.927664
0.92345
0.894938
0.934314
0.927945
0.917466
0.898482
0.907266
0.907619
0.908397
0.926142
0.924436
0.937931
0.925024
0.90237
0.898866
0.90085
0.91423
0.90631
0.908566
0.918288
0.89877
0.921569
0.918033
0.900285
0.917969
0.922405
0.914833
0.928079
0.922405
0.909441
0.91954
0.922705
0.899905
0.919652
0.90381
0.913876
0.896128
0.913793
0.913545
0.905714
0.917636
0.901829
0.909091
0.898401
0.907372
0.912077
0.911153
0.904123
0.904671
0.916667
0.906371
0.903442
0.90038
0.898192
0.913462
0.918049
0.916828
0.915238
0.909524
0.933202
0.905222
0.909789
0.915789
0.916346
0.912919
0.925636
0.92471
0.916185
0.922701
0.909774
0.910491
0.91126
0.910663
0.922549
0.925097
0.926214
0.918762
0.905213
0.914751
0.901701
0.91109
0.913002
0.916016
0.920849
0.907795
0.909263
0.916988
0.913043
0.919884
0.904489
0.91126
0.914505
0.914789
0.903683
0.89877
0.908134
0.928641
0.90586
0.924638
0.922631
0.927945
0.896848
0.916185
0.900858
0.925998
0.922321
0.90691
0.919308
0.925532
0.918762
0.902347
0.913843
0.923454
0.900383
0.917874
0.912331
0.901998
0.909962
0.913168
0.911197
0.911962
0.916427
0.91092
0.894638
0.898209
0.906692
0.900568
0.917728
0.908222
0.913333
0.91126
0.908309
0.90613
0.915452
0.915779
0.916427
0.923671
0.905263
0.909702
0.914833
0.902672
0.913043
0.906578
0.903955
0.920192
0.911175
0.918049
0.92517
0.919687
0.904489
0.923454
0.929481
0.911005
0.906999
0.917703
0.911848
0.920849
0.917546
0.904853
0.902554
0.923754
0.914314
0.908829
0.909528
0.906578
0.907177
0.908222
0.914423
0.91587
0.920115
0.898482
0.912264
0.925636
0.907531
0.911793
0.926142
0.900669
0.929808
0.911962
0.910749
0.919687
0.905303
0.906755
0.909004
0.911368
0.921305
0.925315
0.921512
0.92657
0.916588
0.917969
0.913211
0.924492
0.935673
0.920898
0.902256
0.919574
0.925998
0.920926
0.918683
0.909789
0.924051
0.914873
0.923445
0.909354
0.916346
0.903226
0.915303
0.904762
0.925854
0.918269
0.89746
0.908035
0.909445
0.909348
0.909789
0.925854
0.904943
0.920773
0.926829
0.907707
0.917782
0.925388
0.93083
0.904215
0.920696
0.910208
0.902738
0.923604
0.926357
0.904306
0.921951
0.903104
0.907547
0.919847
0.923679
0.90586
0.928295
0.928713
0.911283
0.913211
0.921512
0.908484
0.911962
0.899144
0.923745
0.912297
0.914176
0.928155
0.901811
0.930233
0.915058
0.929605
0.920156
0.915789
0.923518
0.907088
0.925123
0.916098
0.895833
0.898305
0.912297
0.911197
0.924805
0.910577
0.916747
0.918526
0.906731
0.936571
0.919608
0.908829
0.907707
0.926326
0.905714
0.920156
0.911623
0.900474
0.919961
0.916505
0.906731
0.90604
0.90295
0.901608
0.89877
0.929204
0.919884
0.902462
0.914367
0.906578
0.911623
0.912195
0.932419
0.929688
0.915861
0.906731
0.917387
0.912366
0.904489
0.938356
0.921875
0.919308
0.916586
0.89548
0.921305
0.908309
0.911197
0.903409
0.897338
0.922701
0.927593
0.918582
0.916346
0.921512
0.930255
0.925243
0.908745
0.909354
0.902184
0.916104
0.904899
0.905263
0.911877
0.908658
0.920849
0.91587
0.918683
0.902462
0.914505
0.918548
0.924731
0.924783
0.907266
0.926181
0.909441
0.908917
0.92345
0.921739
0.916828
0.904398
0.92549
0.920345
0.918447
0.913876
0.900094
0.906161
0.899621
0.908484
0.922854
0.916031
0.911623
0.911513
0.915709
0.908397
0.90839
0.917387
0.914397
0.931774
0.890335
0.900756
0.908663
0.916342
0.920156
0.898386
0.908484
0.912381
0.900094
0.922481
0.906755
0.9125
0.92278
0.907531
0.928924
0.91126
0.910609
0.910038
0.916747
0.916586
0.915709
0.900952
0.905894
0.908144
0.913843
0.912791
0.912214
0.931707
0.919574
0.907177
0.915709
0.918841
0.903409
0.915058
0.916266
0.915616
0.908484
0.896682
0.935294
0.909615
0.901794
0.909528
0.908301
0.909179
0.919652
0.910419
0.920388
0.918638
0.919652
0.914286
0.903901
0.910749
0.916104
0.92233
0.919371
0.925747
0.903568
0.920156
0.921512
0.920192
0.909438
0.908658
0.910391
0.928783
0.934634
0.908231
0.920926
0.908658
0.914811
0.919574
0.929134
0.918683
0.913793
0.902462
0.909962
0.913958
0.910834
0.904265
0.914873
0.916346
0.913628
0.914176
0.915319
0.917715
0.923003
0.903409
0.908571
0.919687
0.923077
0.918582
0.908917
0.90595
0.918762
0.913662
0.920696
0.901316
0.907067
0.90586
0.917795
0.904123
0.911025
0.908917
0.905213
0.923004
0.916031
0.924638
0.915238
0.914669
0.915709
0.914093
0.914995
0.913843
0.916667
0.923151
0.911197
0.910058
0.922927
0.904306
0.916747
0.918129
0.910939
0.9109
0.92219
0.930867
0.922701
0.911623
0.912451
0.908134
0.918997
0.908491
0.907895
0.915058
0.911344
0.916587
0.916424
0.894934
0.912668
0.909441
0.908835
0.905393
0.899335
0.912668
0.915628
0.915399
0.909178
0.89763
0.902672
0.897045
0.896388
0.918526
0.913043
0.917308
0.91213
0.913086
0.912162
0.92885
0.911736
0.907246
0.906339
0.909875
0.902765
0.912959
0.907336
0.914122
0.915789
0.916911
0.882791
0.911005
0.923301
0.906999
0.914204
0.918033
0.918683
0.912195
0.904489
0.913211
0.9125
0.900376
0.906072
0.927945
0.902486
0.910145
0.908742
0.921799
0.909696
0.909091
0.914286
0.906161
0.902579
0.914706
0.929126
0.923304
0.916023
0.902486
0.929619
0.928016
0.919574
0.90237
0.916505
0.901235
0.916985
0.899809
0.923077
0.911283
0.916505
0.907882
0.908738
0.911429
0.90613
0.906371
0.904762
0.918841
0.904265
0.921078
0.904808
0.915628
0.906516
0.921663
0.907869
0.909179
0.920849
0.910834
0.916667
0.905769
0.92
0.908397
0.911344
0.923002
0.899335
0.909265
0.903134
0.926245
0.909178
0.899625
0.91022
0.926877
0.91502
0.914833
0.91165
0.909266
0.931953
0.912381
0.910318
0.922776
0.91548
0.923225
0.918348
0.914314
0.905983
0.912416
0.923003
0.914341
0.913295
0.915222
0.914995
0.915058
0.908231
0.923529
0.914204
0.918762
0.927043
0.900376
0.897824
0.92189
0.905222
0.920311
0.921053
0.908745
0.919961
0.914176
0.917387
0.917703
0.918762
0.932939
0.907531
0.90625
0.910134
0.921154
0.912584
0.920898
0.905624
0.912464
0.913127
0.910134
0.921002
0.913168
0.917476
0.915698
0.911321
0.921965
0.919463
0.92189
0.926543
0.893557
0.92233
0.902299
0.907372
0.893536
0.92345
0.914729
0.919339
0.916424
0.914505
0.918033
0.904175
0.916023
0.918033
0.911344
0.904943
0.905749
0.9
0.907354
0.913001
0.917874
0.918762
0.908742
0.913545
0.919652
0.914995
0.920311
0.915709
0.908658
0.913628
0.910663
0.915385
0.926142
0.910834
0.91401
0.906339
0.917466
0.90499
0.916908
0.932485
0.91401
0.907266
0.918112
0.910646
0.918367
0.911708
0.909519
0.911283
0.913085
0.913168
0.900095
0.908484
0.917636
0.906755
0.910749
0.919884
0.907443
0.918033
0.914367
0.925709
0.904398
0.931641
0.902579
0.923454
0.914341
0.908309
0.904447
0.920744
0.922255
0.927815
0.900285
0.900188
0.915385
0.907266
0.916342
0.920078
0.919075
0.919729
0.896092
0.925097
0.905534
0.913416
0.932673
0.902857
0.913592
0.906524
0.924783
0.925962
0.923671
0.915698
0.913127
0.91126
0.917861
0.910048
0.909702
0.901235
0.904762
0.917315
0.911623
0.914258
0.900568
0.909438
0.918348
0.911344
0.907795
0.927593
0.929064
0.916667
0.909524
0.921663
0.898961
0.89717
0.914587
0.907767
0.912835
0.909348
0.894638
0.916104
0.922705
0.923301
0.912331
0.909348
0.919417
0.916424
0.912835
0.901037
0.923002
0.915076
0.932485
0.909774
0.916992
0.923604
0.915254
0.92517
0.905894
0.914314
0.913545
0.914505
0.911597
0.918762
0.901235
0.911368
0.908046
0.907285
0.922255
0.931373
0.921663
0.918288
0.910405
0.9173
0.896128
0.908057
0.920773
0.9125
0.902647
0.917308
0.919308
0.912297
0.905172
0.916185
0.901515
0.925926
0.909524
0.916988
0.917308
0.901246
0.901811
0.913508
0.90237
0.917636
0.909091
0.920696
0.92517
0.926181
0.893296
0.91068
0.908918
0.916905
0.913744
0.900763
0.901141
0.92219
0.913843
0.90619
0.89924
0.92
0.909179
0.912668
0.928364
0.917795
0.916828
0.903257
0.911175
0.90625
0.90622
0.924272
0.909875
0.920078
0.915628
0.90619
0.92051
0.911708
0.923002
0.908742
0.910731
0.899621
0.922481
0.918683
0.913793
0.912584
0.912879
0.918447
0.922549
0.90628
0.90682
0.911025
0.911111
0.905263
0.904716
0.904853
0.924198
0.923375
0.920821
0.92204
0.926254
0.90113
0.918627
0.909178
0.910506
0.914204
0.90961
0.912451
0.911937
0.889306
0.922927
0.917703
0.925243
0.910305
0.919574
0.911877
0.916261
0.909178
0.921606
0.908484
0.913251
0.911175
0.906427
0.915616
0.910476
0.903226
0.91587
0.913843
0.915238
0.918129
0.917556
0.912162
0.921512
0.928994
0.912046
0.917954
0.914313
0.924272
0.907692
0.932607
0.916266
0.918919
0.909875
0.904031
0.934951
0.901501
0.925781
0.911111
0.925024
0.903901
0.918707
0.911392
0.903409
0.928641
0.911681
0.913211
0.933466
0.926499
0.919103
0.91371
0.911005
0.911538
0.924051
0.908134
0.916587
0.910244
0.915303
0.926758
0.921722
0.906641
0.901905
0.909962
0.905354
0.909696
0.911907
0.914341
0.910419
0.922027
0.921078
0.915466
0.901223
0.919584
0.912919
0.92233
0.933202
0.91448
0.912046
0.910048
0.928291
0.9035
0.90613
0.909953
0.932945
0.918945
0.914341
0.934328
0.903007
0.919574
0.921799
0.912416
0.928711
0.907619
0.913168
0.915039
0.913662
0.905917
0.908571
0.897556
0.900858
0.919231
0.901998
0.922179
0.904356
0.915789
0.919652
0.905273
0.914454
0.911538
0.925344
0.900952
0.906339
0.907531
0.904123
0.910749
0.909091
0.913958
0.911877
0.906933
0.911597
0.923604
0.914204
0.903104
0.915709
0.913002
0.910663
0.91404
0.915547
0.914176
0.923152
0.904899
0.92051
0.918348
0.907067
0.908134
0.918049
0.905444
0.914669
0.90613
0.893536
0.91954
0.923375
0.930596
0.925998
0.928501
0.913043
0.897241
0.911962
0.907177
0.911992
0.918049
0.916424
0.900971
0.910577
0.919182
0.909782
0.915851
0.90961
0.921359
0.906933
0.897824
0.90586
0.920233
0.907781
0.913592
0.916828
0.915942
0.92517
0.895382
0.914122
0.924125
0.919884
0.912451
0.908745
0.913168
0.914093
0.932338
0.916911
0.911538
0.907443
0.920543
0.922705
0.918112
0.909351
0.89414
0.906578
0.925819
0.911025
0.91537
0.907781
0.922556
0.928924
0.909005
0.88972
0.900756
0.915779
0.910749
0.899232
0.919496
0.924878
0.906755
0.919652
0.898017
0.921588
0.922549
0.916427
0.899247
0.914894
0.912959
0.913168
0.909178
0.904398
0.921053
0.919722
0.916908
0.926214
0.915303
0.90604
0.920422
0.917795
0.916746
0.918526
0.908478
0.903683
0.918919
0.921206
0.918049
0.914341
0.916427
0.926901
0.919844
0.917228
0.925962
0.924051
0.925998
0.910663
0.906072
0.908913
0.913002
0.922927
0.909782
0.913876
0.899906
0.931202
0.908309
0.910646
0.899522
0.909266
0.910834
0.905983
0.911822
0.917387
0.90499
0.912366
0.912791
0.914811
0.904853
0.929537
0.908832
0.924287
0.906427
0.905624
0.916826
0.906933
0.90085
0.921359
0.930165
0.920422
0.908654
0.913251
0.916023
0.907707
0.911623
0.920115
0.90746
0.915616
0.912796
0.91448
0.919765
0.933464
0.904356
0.905354
0.913545
0.908134
0.91092
0.897921
0.934975
0.911538
0.911306
0.901515
0.915698
0.90678
0.914692
0.903754
0.910853
0.914811
0.90631
0.917222
0.925024
0.915616
0.919807
0.923003
0.916427
0.918762
0.909875
0.93202
0.924198
0.914729
0.920543
0.901501
0.921663
0.907856
0.929481
0.911005
0.909348
0.9
0.91068
0.918095
0.913295
0.905172
0.924198
0.93117
0.912214
0.920773
0.909091
0.91371
0.902184
0.904624
0.892756
0.918866
0.914093
0.91371
0.907882
0.906755
0.902277
0.916908
0.918816
0.919961
0.895033
0.918191
0.925854
0.903534
0.899809
0.916427
0.917795
0.923152
0.922265
0.915452
0.924419
0.920115
0.913378
0.911538
0.913508
0.917874
0.924638
0.917154
0.913989
0.915058
0.907177
0.893597
0.916587
0.923077
0.916429
0.917874
0.924783
0.916031
0.91595
0.917396
0.927114
0.916346
0.903104
0.915861
0.913378
0.901718
0.905497
0.908654
0.906867
0.912791
0.90613
0.910834
0.907443
0.898687
0.911992
0.928295
0.91022
0.912835
0.914176
0.925532
0.898662
0.913168
0.926471
0.903164
0.915058
0.901141
0.914811
0.903042
0.906161
0.902439
0.921799
0.926641
0.909354
0.913958
0.911453
0.902164
0.915942
0.915628
0.906844
0.916505
0.927043
0.916667
0.910318
0.915698
0.917387
0.923524
0.920192
0.918112
0.930233
0.915466
0.919574
0.916586
0.911538
0.891841
0.907707
0.909696
0.919417
0.914894
0.930392
0.904489
0.919729
0.912162
0.913843
0.907514
0.936399
0.908654
0.918191
0.922556
0.904225
0.915779
0.918997
0.928641
0.90019
0.893855
0.910577
0.918582
0.912046
0.919687
0.911175
0.90625
0.907266
0.92549
0.914995
0.918033
0.933202
0.921722
0.910038
0.920233
0.909178
0.908745
0.925072
0.907177
0.907781
0.918683
0.919652
0.912752
0.928431
0.918683
0.915452
0.920696
0.907603
0.918866
0.915205
0.916507
0.921799
0.929961
0.918191
0.911907
0.908832
0.911992
0.907285
0.920115
0.918816
0.902738
0.9035
0.920773
0.921435
0.91954
0.903534
0.911538
0.910405
0.913958
0.898305
0.914176
0.914423
0.91122
0.926614
0.914914
0.916185
0.915157
0.917874
0.916988
0.916507
0.91068
0.910749
0.92062
0.91068
0.910749
0.920696
0.904045
0.911962
0.914976
0.918841
0.915534
0.921799
0.909867
0.91866
0.914811
0.924951
0.923902
0.917315
0.910391
0.916266
0.907692
0.893738
0.929195
0.92204
0.913085
0.908478
0.919463
0.929126
0.944501
0.918033
0.916266
0.926499
0.913168
0.927593
0.919463
0.923598
0.923375
0.911025
0.901408
0.915222
0.900656
0.928433
0.913876
0.918504
0.923375
0.928225
0.906933
0.924805
0.913793
0.938656
0.925998
0.904306
0.925636
0.918447
0.919807
0.911681
0.90019
0.921206
0.911962
0.909003
0.903042
0.889414
0.921645
0.927237
0.915466
0.920115
0.912046
0.912959
0.915698
0.911538
0.90381
0.918605
0.909533
0.903007
0.904175
0.909178
0.907547
0.904175
0.902922
0.915058
0.914751
0.899341
0.917387
0.912835
0.923965
0.914258
0.919261
0.912046
0.913416
0.921512
0.921815
0.919574
0.915222
0.923226
0.923304
0.918348
0.911565
0.916111
0.912046
0.930966
0.906399
0.913978
0.90566
0.903992
0.906731
0.933729
0.919807
0.9285
0.917795
0.901328
0.913926
0.931574
0.906755
0.925854
0.901718
0.909177
0.911111
0.917315
0.904671
0.898209
0.911453
0.926782
0.924805
0.909875
0.908742
0.917387
0.908566
0.909789
0.924051
0.909528
0.914833
0.921435
0.915942
0.907882
0.916746
0.905081
0.914646
0.9
0.919729
0.913926
0.91587
0.915942
0.919153
0.90631
0.920543
0.906578
0.918605
0.910646
0.912835
0.909177
0.913744
0.903286
0.92113
0.908309
0.918866
0.914669
0.901037
0.910506
0.918683
0.925998
0.900563
0.908742
0.905534
0.902857
0.915058
0.923301
0.917387
0.914646
0.914423
0.922481
0.916746
0.921799
0.923226
0.90237
0.921359
0.907795
0.907336
0.911793
0.908566
0.921606
0.911005
0.932432
0.931574
0.924345
0.930392
0.908742
0.902277
0.911368
0.913002
0.921588
0.917308
0.907707
0.90691
0.909867
0.903534
0.882849
0.919687
0.925243
0.91448
0.908484
0.91109
0.909528
0.906933
0.901701
0.924584
0.920269
0.909351
0.910058
0.907443
0.912297
0.906933
0.917556
0.927043
0.926285
0.916908
0.908309
0.908745
0.923828
0.911565
0.91213
0.931507
0.910491
0.91092
0.91213
0.908918
0.90458
0.919729
0.896811
0.90613
0.911877
0.933333
0.901624
0.916346
0.921722
0.89678
0.90613
0.894638
0.928988
0.923301
0.916747
0.908745
0.914833
0.917954
0.924584
0.901905
0.910491
0.917954
0.897844
0.911306
0.918919
0.93184
0.92
0.905033
0.914258
0.914423
0.902647
0.921722
0.920192
0.910749
0.899905
0.918269
0.909953
0.914646
0.908478
0.919652
0.910749
0.921951
0.898782
0.916023
0.915628
0.927114
0.918191
0.910232
0.919339
0.907781
0.913876
0.918191
0.901923
0.898305
0.898674
0.907707
0.916104
0.918841
0.929688
0.914176
0.900943
0.921359
0.903592
0.912875
0.90628
0.919884
0.920849
0.887524
0.925676
0.912247
0.930528
0.914833
0.925709
0.933005
0.916111
0.901341
0.90678
0.894737
0.902072
0.90019
0.921078
0.916505
0.90625
0.914423
0.92189
0.900288
0.891386
0.918447
0.915861
0.917228
0.914811
0.908566
0.919884
0.928016
0.895283
0.908829
0.911344
0.921722
0.902017
0.902857
0.923828
0.90682
0.921799
0.918762
0.91126
0.91022
0.909962
0.904899
0.897363
0.911877
0.918762
0.911623
0.907177
0.906641
0.911848
0.89751
0.911538
0.917148
0.912046
0.912416
0.896324
0.907619
0.917861
0.906399
0.909003
0.916747
0.904356
0.923454
0.913295
0.913127
0.902765
0.925315
0.928155
0.91371
0.935961
0.905033
0.905534
0.931574
0.924272
0.912247
0.931138
0.922405
0.924783
0.917387
0.922481
0.92657
0.909875
0.921815
0.903901
0.909962
0.918348
0.920039
0.897533
0.914314
0.919153
0.904398
0.919386
0.90295
0.896519
0.916505
0.899628
0.915039
0.916828
0.906072
0.926357
0.92051
0.909445
0.921965
0.901037
0.92062
0.916507
0.899048
0.913462
0.914563
0.902622
0.923828
0.916905
0.916828
0.910232
0.911005
0.913424
0.916104
0.907707
0.887746
0.904717
0.908222
0.901057
0.910749
0.904986
0.909177
0.90961
0.90038
0.907531
0.918447
0.898687
0.922701
0.90381
0.921951
0.910816
0.922927
0.926142
0.911736
0.909351
0.914646
0.905482
0.901341
0.919153
0.905983
0.900952
0.914093
0.913378
0.917546
0.911877
0.913628
0.908915
0.926326
0.896128
0.901608
0.909438
0.901435
0.917396
0.907603
0.940358
0.898113
0.919261
0.925636
0.915303
0.911344
0.914646
0.909091
0.919024
0.914258
0.93412
0.911283
0.927094
0.898386
0.913251
0.924419
0.905983
0.897998
0.923977
0.911175
0.926108
0.913545
0.892824
0.918919
0.909524
0.91213
0.916588
0.91092
0.921815
0.921588
0.92517
0.922103
0.906667
0.91401
0.904163
0.907692
0.907109
0.917546
0.917315
0.899905
0.908484
0.890538
0.913378
0.914646
0.930324
0.909875
0.916424
0.916507
0.925344
0.916429
0.913926
0.923745
0.902072
0.913424
0.928783
0.907547
0.908478
0.923375
0.903901
0.915628
0.923375
0.919231
0.918526
0.908057
0.909789
0.902579
0.91453
0.912835
0.914176
0.922103
0.908829
0.904532
0.915466
0.916826
0.909004
0.908484
0.915466
0.915058
0.921053
0.923002
0.916023
0.912162
0.907603
0.902462
0.92062
0.906755
0.908832
0.898192
0.914914
0.909266
0.90237
0.901998
0.902486
0.920466
0.914176
0.9035
0.923077
0.917715
0.917308
0.913251
0.923375
0.915466
0.902647
0.909875
0.920926
0.910853
0.910749
0.926712
0.920311
0.910405
0.896422
0.920388
0.916985
0.903349
0.914976
0.921875
0.908309
0.915616
0.913676
0.920898
0.905679
0.92065
0.919291
0.91371
0.906399
0.925781
0.918582
0.890654
0.913958
0.907721
0.925636
0.933464
0.906103
0.916031
0.907707
0.921512
0.903164
0.908222
0.917954
0.923077
0.907514
0.919231
0.918683
0.904671
0.92517
0.912416
0.929842
0.909177
0.909524
0.900574
0.919417
0.917874
0.907795
0.903901
0.918269
0.917315
0.934
0.91401
0.918919
0.924565
0.904947
0.901027
0.922852
0.929412
0.90555
0.906015
0.929563
0.922179
0.915628
0.912077
0.911793
0.91866
0.907547
0.914995
0.902091
0.909177
0.907021
0.921663
0.923598
0.902579
0.917889
0.918129
0.922103
0.919807
0.913295
0.91376
0.908057
0.91371
0.924951
0.923604
0.919961
0.915076
0.918997
0.918841
0.916746
0.914204
0.912536
0.923828
0.911344
0.916185
0.92186
0.927165
0.914258
0.90797
0.909178
0.908057
0.918348
0.920432
0.904215
0.916346
0.911877
0.916505
0.921569
0.930118
0.898386
0.891841
0.92051
0.907882
0.923754
0.930934
0.919153
0.920192
0.922179
0.914976
0.905075
0.912752
0.907425
0.92278
0.922705
0.91448
0.918997
0.943898
0.919496
0.905213
0.899716
0.916104
0.904306
0.915076
0.922179
0.911175
0.90586
0.912584
0.902672
0.911513
0.919729
0.914894
0.899341
0.914258
0.908917
0.908478
0.919652
0.916424
0.915779
0.912451
0.907869
0.912548
0.922556
0.913127
0.896811
0.902205
0.922473
0.915628
0.910939
0.914751
0.915628
0.918208
0.917795
0.926104
0.912331
0.913333
0.901328
0.92345
0.907619
0.901449
0.915789
0.918605
0.915303
0.908917
0.908832
0.903754
0.923077
0.912046
0.914833
0.905588
0.901047
0.925097
0.914397
0.90613
0.916988
0.903134
0.920233
0.890552
0.901593
0.905894
0.93202
0.919652
0.911005
0.906999
0.90631
0.903013
0.909265
0.926499
0.920039
0.911597
0.909348
0.902462
0.918504
0.912668
0.923892
0.916908
0.912752
0.91376
0.922027
0.913498
0.89763
0.918033
0.904084
0.909867
0.899247
0.915709
0.918919
0.902922
0.914423
0.9
0.913628
0.929688
0.916023
0.911848
0.924492
0.919075
0.915789
0.916031
0.924805
0.915616
0.899522
0.921663
0.92113
0.909177
0.915157
0.909091
0.928571
0.907354
0.923604
0.91404
0.903592
0.927606
0.900669
0.916346
0.932873
0.907354
0.914122
0.911025
0.918841
0.912247
0.915779
0.899335
0.910405
0.915709
0.923902
0.903013
0.905393
0.918526
0.92062
0.91358
0.910646
0.911793
0.923372
0.921435
0.925097
0.914176
0.926641
0.919496
0.893939
0.929703
0.908046
0.911368
0.913208
0.919417
0.912015
0.91371
0.915779
0.908658
0.919807
0.915222
0.913462
0.91619
0.921875
0.924584
0.903992
0.918945
0.928016
0.916507
0.90019
0.909265
0.920192
0.901905
0.912713
0.910491
0.914341
0.914204
0.935771
0.925854
0.919884
0.925024
0.916828
0.919153
0.907707
0.918033
0.918191
0.926428
0.921512
0.919652
0.914894
0.917625
0.925097
0.889405
0.927664
0.917874
0.923671
0.915628
0.905571
0.917556
0.906489
0.917396
0.919496
0.913545
0.933137
0.913462
0.912919
0.909884
0.920821
0.926686
0.90797
0.923902
0.886406
0.911368
0.910123
0.90628
0.908134
0.917703
0.914176
0.903134
0.905213
0.913424
0.916104
0.915058
0.900943
0.908478
0.909351
0.924975
0.905172
0.902111
0.924051
0.912668
0.917315
0.909615
0.906933
0.921739
0.914669
0.924345
0.908745
0.913793
0.910593
0.910506
0.920115
0.921569
0.901905
0.914286
0.917874
0.923745
0.911538
0.912451
0.905534
0.90604
0.91537
0.935357
0.895437
0.912752
0.912416
0.922255
0.918738
0.895833
0.907266
0.908046
0.916667
0.908658
0.911708
0.900858
0.92204
0.918367
0.905624
0.917476
0.902462
0.907958
0.917703
0.921965
0.902672
0.923301
0.921283
0.900574
0.924638
0.926829
0.912919
0.915789
0.914146
0.9
0.926712
0.901047
0.911283
0.910561
0.90595
0.902554
0.912162
0.909875
0.91404
0.911597
0.920345
0.923151
0.894393
0.916185
0.918605
0.912264
0.921359
0.909265
0.922631
0.929204
0.905081
0.913676
0.901608
0.91514
0.913958
0.914176
0.914751
0.911069
0.908478
0.914122
0.910058
0.925962
0.905804
0.903901
0.919884
0.921606
0.915303
0.905983
0.919339
0.933466
0.922854
0.901846
0.920773
0.917546
0.911283
0.916988
0.903992
0.901794
0.914914
0.920849
0.905679
0.905497
0.930279
0.911429
0.906641
0.895775
0.898951
0.907514
0.914669
0.923003
0.917387
0.901998
0.909091
0.911708
0.926543
0.933723
0.918605
0.91371
0.920952
0.92607
0.921588
0.906933
0.920543
0.895033
0.908484
0.915789
0.92113
0.910872
0.899144
0.915698
0.902299
0.921663
0.917387
0.919075
0.902091
0.917387
0.913876
0.915861
0.909004
0.90283
0.913295
0.914062
0.908035
0.903992
0.9294
0.925998
0.912046
0.927664
0.907197
0.915789
0.907336
0.912668
0.92589
0.91587
0.920115
0.933333
0.924198
0.922927
0.901718
0.932551
0.900285
0.91401
0.911793
0.920821
0.909884
0.905393
0.910646
0.906667
0.916747
0.918208
0.921359
0.904045
0.912835
0.9125
0.898674
0.901057
0.915861
0.902164
0.914894
0.9125
0.934378
0.932563
0.914423
0.916667
0.914914
0.90613
0.910232
0.918683
0.917154
0.922776
0.911197
0.909875
0.926142
0.913168
0.905588
0.908231
0.913295
0.919574
0.917795
0.915698
0.91683
0.908571
0.916667
0.913462
0.917154
0.90604
0.899341
0.91126
0.916424
0.92
0.911283
0.908222
0.91404
0.909441
0.92219
0.910391
0.921381
0.926142
0.904762
0.902697
0.899621
0.919729
0.909438
0.901235
0.918208
0.917715
0.919652
0.917466
0.90691
0.925417
0.907285
0.910663
0.928501
0.906367
0.921381
0.913793
0.911197
0.916747
0.929756
0.910985
0.925819
0.912077
0.901942
0.918112
0.904306
0.909615
0.90458
0.919729
0.934442
0.920466
0.91371
0.918112
0.905081
0.921722
0.909441
0.910391
0.913861
0.923671
0.900763
0.914669
0.911877
0.911962
0.919153
0.916346
0.903683
0.920388
0.915287
0.908832
0.924198
0.914995
0.913926
0.928431
0.908742
0.907619
0.915466
0.919386
0.898482
0.911565
0.91954
0.911453
0.924125
0.917235
0.914563
0.905393
0.907021
0.908491
0.907067
0.913876
0.918468
0.919574
0.91514
0.912919
0.911025
0.900943
0.913876
0.915709
0.907531
0.912668
0.904808
0.920498
0.919884
0.915709
0.913211
0.913127
0.905894
0.91165
0.92517
0.921588
0.916261
0.920156
0.916031
0.907109
0.902299
0.914976
0.913295
0.934378
0.899625
0.90237
0.92123
0.921305
0.912077
0.922927
0.90622
0.914995
0.913378
0.910731
0.907781
0.928641
0.922255
0.90613
0.912098
0.913793
0.919729
0.92451
0.905172
0.916421
0.904986
0.921588
0.909266
0.899716
0.938976
0.90586
0.916985
0.90604
0.924198
0.924492
0.930187
0.911793
0.899329
0.919339
0.896878
0.915861
0.909003
0.919652
0.91213
0.914995
0.90619
0.913043
0.91126
0.916185
0.918208
0.914751
0.893939
0.902017
0.918269
0.91126
0.900763
0.915616
0.903257
0.922115
0.916587
0.904489
0.907795
0.914995
0.921305
0.909962
0.91401
0.911597
0.917954
0.898578
0.90604
0.914423
0.914995
0.905213
0.912381
0.921681
0.906887
0.907266
0.910663
0.918919
0.905679
0.900756
0.918447
0.911877
0.911005
0.910405
0.899618
0.910048
0.919371
0.92451
0.910749
0.918033
0.916988
0.926326
0.909867
0.924565
0.899618
0.90622
0.916747
0.918033
0.928919
0.917315
0.923604
0.905444
0.90283
0.916346
0.908917
0.921027
0.909004
0.897921
0.91022
0.910048
0.920233
0.925854
0.899531
0.924584
0.925854
0.932287
0.916261
0.92113
0.91371
0.912584
0.926428
0.903626
0.894687
0.908203
0.903592
0.922397
0.908057
0.921951
0.907781
0.92471
0.916261
0.908397
0.916424
0.9125
0.906578
0.909796
0.895085
0.918447
0.911708
0.922776
0.896007
0.910491
0.900188
0.920156
0.928079
0.90622
0.91514
0.909962
0.912584
0.904537
0.91213
0.911111
0.908231
0.920696
0.913545
0.930368
0.918919
0.903042
0.915334
0.931818
0.921456
0.909178
0.922115
0.896617
0.890772
0.916016
0.91126
0.912331
0.911962
0.921739
0.912959
0.919694
0.914258
0.905804
0.911453
0.90961
0.908046
0.899716
0.910134
0.909265
0.932945
0.901905
0.901141
0.899531
