0.814208
0.786026
0.822993
0.785467
0.802906
0.788276
0.797683
0.805357
0.798748
0.795053
0.813008
0.783478
0.816029
0.8125
0.824798
0.781086
0.798238
0.804505
0.781739
0.797872
0.8181
0.808304
0.787986
0.779602
0.805434
0.810376
0.790123
0.782646
0.782837
0.80406
0.806132
0.785653
0.804096
0.802469
0.79386
0.815087
0.802536
0.792035
0.800355
0.797333
0.792369
0.815257
0.788958
0.804834
0.797345
0.785651
0.791045
0.788967
0.794533
0.795775
0.793013
0.802977
0.796999
0.795394
0.803235
0.785962
0.791123
0.793582
0.795556
0.798748
0.790222
0.795595
0.787634
0.805834
0.805704
0.813953
0.793291
0.804096
0.821109
0.783217
0.810173
0.794376
0.779896
0.786929
0.788918
0.805903
0.796413
0.80573
0.804538
0.805877
0.813681
0.806228
0.798748
0.802855
0.812785
0.798429
0.792769
0.810238
0.81016
0.800712
0.805531
0.8014
0.813177
0.794171
0.823315
0.80036
0.813274
0.775221
0.804348
0.805506
0.806738
0.789194
0.79646
0.79947
0.796047
0.802315
0.803351
0.790885
0.807282
0.79214
0.80759
0.786147
0.801052
0.807207
0.792
0.79292
0.789015
0.782265
0.8
0.822936
0.787744
0.803411
0.795954
0.8181
0.804484
0.791592
0.80477
0.79965
0.795394
0.808625
0.803975
0.783333
0.811828
0.789711
0.800355
0.804618
0.801265
0.795009
0.799645
0.803681
0.805556
0.786972
0.801412
0.775847
0.801601
0.791373
0.798025
0.803235
0.800705
0.794872
0.79569
0.802111
0.788328
0.801945
0.792982
0.784091
0.803044
0.803336
0.805137
0.805206
0.822888
0.801061
0.781882
0.801265
0.787435
0.794301
0.789658
0.79214
0.817616
0.810488
0.8
0.796491
0.794917
0.783406
0.790941
0.811337
0.801237
0.814057
0.808625
0.788782
0.808304
0.8
0.807207
0.80303
0.784602
0.817937
0.79646
0.812223
0.80213
0.775281
0.793988
0.797872
0.805183
0.794221
0.783807
0.804525
0.805556
0.800527
0.779809
0.796345
0.815552
0.812834
0.792287
0.800721
0.787879
0.804096
0.809859
0.80018
0.804659
0.813345
0.783761
0.806777
0.78769
0.805531
0.795201
0.81127
0.826287
0.810345
0.817282
0.776042
0.800178
0.79947
0.790155
0.819419
0.798043
0.789991
0.792436
0.80523
0.79583
0.79207
0.809865
0.80427
0.801085
0.806216
0.779199
0.78326
0.792174
0.797535
0.799463
0.816547
0.79946
0.79386
0.797127
0.806566
0.794351
0.775847
0.806423
0.813118
0.814273
0.791557
0.793886
0.790451
0.797321
0.793961
0.808108
0.801444
0.810238
0.790844
0.801954
0.780739
0.806159
0.794351
0.823312
0.797273
0.78603
0.824299
0.801971
0.801587
0.790718
0.797882
0.795575
0.795756
0.805077
0.817439
0.822945
0.799822
0.801945
0.786026
0.808341
0.79947
0.791486
0.802829
0.785652
0.796972
0.793042
0.805984
0.774829
0.803351
0.812444
0.803191
0.809174
0.783434
0.798051
0.798253
0.795756
0.824818
0.788646
0.80158
0.790718
0.804114
0.800877
0.787422
0.805482
0.790493
0.795972
0.81987
0.794459
0.803396
0.80605
0.808171
0.808758
0.794803
0.786022
0.796564
0.799465
0.79806
0.776236
0.79174
0.803957
0.8
0.797703
0.799283
0.782723
0.810787
0.787719
0.788204
0.810737
0.781028
0.815149
0.802458
0.790941
0.809524
0.792948
0.803975
0.798937
0.787215
0.827618
0.792335
0.804856
0.803747
0.8049
0.79007
0.798077
0.795435
0.811182
0.81
0.790295
0.818671
0.797357
0.790451
0.810036
0.8
0.801928
0.807065
0.798568
0.812839
0.813528
0.815525
0.810406
0.818428
0.757524
0.802632
0.79583
0.803191
0.815179
0.79947
0.810252
0.808473
0.807727
0.796117
0.8125
0.809439
0.8
0.79628
0.803747
0.807554
0.79458
0.791703
0.794144
0.803815
0.784211
0.806595
0.805333
0.804525
0.815412
0.79947
0.78801
0.813499
0.828546
0.778559
0.809439
0.800532
0.806566
0.78559
0.798051
0.768041
0.791482
0.804834
0.784021
0.80373
0.79628
0.80625
0.799465
0.787533
0.81488
0.784179
0.810469
0.796444
0.790222
0.804618
0.804577
0.804965
0.780172
0.805333
0.799824
0.813001
0.792567
0.801609
0.796117
0.806167
0.813743
0.77816
0.796848
0.815385
0.777394
0.799824
0.813575
0.784383
0.78534
0.810981
0.795954
0.804659
0.784192
0.808969
0.79748
0.803665
0.802867
0.801954
0.806566
0.821015
0.807899
0.809099
0.807348
0.78729
0.817117
0.787215
0.789427
0.808134
0.804309
0.806537
0.809397
0.793594
0.791189
0.784974
0.816399
0.812613
0.80429
0.804659
0.806195
0.817937
0.799107
0.799645
0.811031
0.806366
0.782946
0.796931
0.819395
0.792469
0.804702
0.796972
0.779335
0.800721
0.786713
0.785714
0.801431
0.811372
0.826568
0.806195
0.794894
0.79947
0.795031
0.792287
0.814143
0.796625
0.803235
0.802295
0.801601
0.80427
0.802111
0.809059
0.801444
0.815217
0.797863
0.812388
0.803099
0.801061
0.809783
0.811607
0.79714
0.801431
0.787905
0.810762
0.796247
0.801778
0.812897
0.808244
0.8
0.809568
0.783902
0.81122
0.781995
0.815013
0.810811
0.810115
0.799468
0.798928
0.793345
0.801954
0.795353
0.795882
0.797012
0.79806
0.796945
0.815718
0.796507
0.804405
0.805755
0.79568
0.79174
0.802149
0.790594
0.786026
0.79646
0.806685
0.820976
0.806023
0.791703
0.805254
0.804096
0.801406
0.807829
0.794737
0.801248
0.802275
0.804444
0.812614
0.794533
0.80053
0.779221
0.779514
0.800353
0.782007
0.789062
0.806859
0.792705
0.786726
0.797333
0.800355
0.798246
0.797357
0.808453
0.809524
0.792925
0.807868
0.792502
0.786399
0.80752
0.795353
0.80378
0.788393
0.807658
0.790123
0.792469
0.803427
0.802326
0.795863
0.793961
0.799463
0.785714
0.81412
0.812332
0.818512
0.795475
0.808929
0.80212
0.817185
0.802275
0.811881
0.773619
0.799123
0.808642
0.806828
0.799107
0.790553
0.80429
0.793226
0.805009
0.8125
0.787665
0.828467
0.802275
0.826728
0.804152
0.796848
0.795775
0.813127
0.810737
0.790965
0.805357
0.798222
0.791815
0.794066
0.813559
0.80373
0.809783
0.792287
0.804659
0.800877
0.799824
0.81086
0.801061
0.809567
0.79982
0.796413
0.8
0.791444
0.804987
0.780639
0.817525
0.794779
0.819178
0.815013
0.805333
0.795737
0.788745
0.816726
0.820183
0.808244
0.802305
0.809315
0.78152
0.8268
0.786885
0.808207
0.803556
0.791406
0.79375
0.78144
0.796134
0.795954
0.793526
0.789703
0.815371
0.800177
0.79928
0.811943
0.779232
0.80322
0.790026
0.799115
0.812219
0.790026
0.797891
0.803797
0.812278
0.793103
0.794894
0.810252
0.810714
0.807388
0.817431
0.800885
0.777108
0.793778
0.810329
0.787456
0.820204
0.794459
0.808378
0.786632
0.806306
0.770085
0.784506
0.79599
0.811101
0.80177
0.797309
0.823905
0.800539
0.804348
0.802513
0.798238
0.807624
0.821622
0.823529
0.806566
0.80248
0.814143
0.803235
0.79965
0.806159
0.784091
0.801242
0.788732
0.811321
0.815287
0.812614
0.802458
0.805654
0.785968
0.80322
0.784974
0.802703
0.788091
0.771454
0.803206
0.77972
0.798415
0.796655
0.789613
0.792185
0.830102
0.798568
0.804444
0.804834
0.801911
0.788646
0.800889
0.778746
0.811439
0.797762
0.794425
0.787307
0.804464
0.801786
0.787852
0.803004
0.786213
0.795972
0.805506
0.824176
0.786082
0.803939
0.807381
0.784602
0.768836
0.804856
0.813869
0.795775
0.81086
0.813575
0.807348
0.817935
0.784698
0.792553
0.782686
0.822581
0.801418
0.819005
0.780035
0.822624
0.783217
0.7962
0.800363
0.783019
0.804328
0.781469
0.786026
0.811031
0.826679
0.79115
0.783807
0.795053
0.814451
0.785404
0.791005
0.815018
0.785345
0.79877
0.807414
0.806167
0.834879
0.79007
0.789474
0.799827
0.806971
0.809228
0.817518
0.789798
0.798942
0.804791
0.810422
0.793345
0.784965
0.796703
0.817282
0.808036
0.796777
0.79417
0.799824
0.802893
0.817291
0.802102
0.820072
0.804309
0.790576
0.80177
0.77913
0.79661
0.799107
0.800178
0.786828
0.804518
0.79021
0.798775
0.802703
0.790677
0.817854
0.814016
0.790636
0.796099
0.815081
0.798051
0.812388
0.80689
0.786158
0.780123
0.793805
0.801778
0.803571
0.819432
0.805381
0.800696
0.804813
0.805506
0.806828
0.786408
0.805808
0.793103
0.816682
0.796507
0.80192
0.783691
0.808036
0.818926
0.807348
0.797012
0.815018
0.815498
0.807207
0.800901
0.802491
0.80373
0.810252
0.802347
0.805631
0.806708
0.796625
0.784765
0.814286
0.803571
0.806481
0.807762
0.790576
0.816029
0.796986
0.78729
0.778364
0.799463
0.820841
0.8
0.819521
0.798034
0.782798
0.790718
0.80427
0.793833
0.798937
0.798937
0.799296
0.804834
0.778454
0.800177
0.810392
0.787958
0.795234
0.793706
0.796986
0.799453
0.828755
0.797853
0.789798
0.801945
0.756596
0.804987
0.800177
0.800897
0.798007
0.80752
0.814581
0.807143
0.799111
0.809059
0.810036
0.784843
0.800889
0.7959
0.789887
0.780382
0.805054
0.801438
0.784179
0.798555
0.817291
0.800355
0.789982
0.806859
0.792746
0.790576
0.803058
0.777108
0.800897
0.804152
0.812724
0.791594
0.813453
0.810345
0.792105
0.786087
0.800712
0.795435
0.803957
0.81064
0.787933
0.822523
0.8
0.8125
0.79386
0.794737
0.799453
0.799463
0.797051
0.800178
0.796972
0.801242
0.789661
0.816863
0.792683
0.79615
0.810081
0.806023
0.809437
0.805054
0.798942
0.801242
0.803044
0.80053
0.801989
0.808453
0.784431
0.79667
0.794803
0.794667
0.816271
0.79517
0.790435
0.797693
0.797051
0.785467
0.806625
0.793043
0.804943
0.79469
0.800178
0.790535
0.789007
0.803957
0.801418
0.784297
0.80212
0.813345
0.807692
0.797723
0.795918
0.805781
0.808929
0.814612
0.801786
0.798759
0.818515
0.794326
0.816712
0.79476
0.823098
0.790308
0.796931
0.797872
0.797557
0.812777
0.805357
0.813226
0.810219
0.798555
0.785349
0.804114
0.782307
0.796082
0.795595
0.798394
0.791812
0.781168
0.799824
0.806104
0.806481
0.799311
0.803922
0.794326
0.813681
0.800897
0.788068
0.810981
0.791449
0.80597
0.791557
0.808007
0.805206
0.81122
0.800532
0.818018
0.788444
0.815789
0.794783
0.790308
0.81435
0.792469
0.798043
0.794627
0.793411
0.790155
0.80303
0.800532
0.799286
0.806566
0.806595
0.788393
0.80177
0.789289
0.79628
0.788782
0.783496
0.790351
0.799475
0.797853
0.780725
0.792694
0.804729
0.790451
0.810127
0.801971
0.777875
0.790925
0.795556
0.793194
0.811337
0.811659
0.8049
0.790718
0.787556
0.809735
0.800715
0.786596
0.828067
0.792925
0.789474
0.80322
0.80362
0.80573
0.802149
0.803587
0.814982
0.804328
0.792651
0.780446
0.78796
0.804042
0.786332
0.807448
0.799111
0.790861
0.822566
0.798238
0.787773
0.808108
0.806818
0.801438
0.802448
0.803604
0.788143
0.809353
0.800897
0.798951
0.791883
0.803904
0.777108
0.788831
0.814312
0.7773
0.808108
0.789104
0.810036
0.796296
0.792301
0.813127
0.819005
0.805755
0.784229
0.804659
0.798568
0.775132
0.813177
0.808108
0.797863
0.815385
0.770115
0.818264
0.813665
0.796959
0.80299
0.796296
0.808587
0.809739
0.798932
0.802855
0.773552
0.790493
0.810298
0.821234
0.789887
0.807864
0.811252
0.807348
0.797153
0.824066
0.810959
0.820746
0.801786
0.811528
0.800365
0.807726
0.790677
0.807175
0.80213
0.780191
0.795474
0.809991
0.787825
0.80914
0.80543
0.80477
0.784909
0.804152
0.81086
0.794066
0.798913
0.789048
0.796595
0.806222
0.813769
0.809524
0.785651
0.785396
0.79646
0.795031
0.800175
0.785464
0.810036
0.802829
0.798753
0.808394
0.791342
0.79664
0.802326
0.808569
0.789707
0.820397
0.797882
0.786585
0.806104
0.822739
0.808889
0.793411
0.813575
0.794351
0.790493
0.789381
0.805755
0.803191
0.828571
0.789703
0.801061
0.813406
0.805206
0.799652
0.80651
0.803763
0.78952
0.810252
0.808453
0.793103
0.802715
0.800881
0.80036
0.78388
0.780656
0.798932
0.805455
0.801609
0.790393
0.80127
0.791373
0.807448
0.805903
0.794826
0.796748
0.814208
0.801609
0.800532
0.788411
0.791887
0.824186
0.802906
0.817439
0.785714
0.811355
0.80523
0.801587
0.798932
0.805704
0.821363
0.78326
0.795793
0.8
0.791592
0.788225
0.788296
0.801587
0.813406
0.795812
0.793469
0.814183
0.825655
0.809739
0.794779
0.80213
0.817282
0.805851
0.781034
0.776916
0.807218
0.815718
0.793988
0.793526
0.785962
0.787905
0.821818
0.809524
0.783101
0.794826
0.791851
0.807002
0.783451
0.795139
0.798932
0.79667
0.813127
0.8
0.801601
0.831502
0.808864
0.810081
0.798587
0.79664
0.805381
0.799099
0.787159
0.772884
0.793469
0.800897
0.805679
0.802158
0.801963
0.804813
0.804525
0.796806
0.791228
0.826244
0.778163
0.800712
0.784383
0.800881
0.788411
0.819432
0.803697
0.816197
0.79344
0.807899
0.781995
0.795276
0.798946
0.797297
0.80213
0.807348
0.787556
0.813636
0.797524
0.779322
0.789842
0.799465
0.803922
0.79965
0.785146
0.795652
0.77027
0.797557
0.810469
0.787798
0.808837
0.80605
0.807657
0.795075
0.819419
0.79667
0.796429
0.798568
0.804444
0.780467
0.809059
0.80477
0.815217
0.827425
0.798775
0.786458
0.809181
0.802295
0.801248
0.797683
0.801237
0.778068
0.806278
0.811081
0.809181
0.803939
0.790901
0.807657
0.800715
0.788496
0.793734
0.818265
0.807762
0.804078
0.785527
0.781739
0.802655
0.808969
0.799465
0.782307
0.799641
0.809827
0.795075
0.792553
0.80694
0.780488
0.79517
0.803939
0.81777
0.794604
0.808036
0.798593
0.793497
0.799296
0.791778
0.804856
0.794533
0.789931
0.80213
0.79982
0.826248
0.810115
0.792254
0.798238
0.811052
0.791958
0.807762
0.803975
0.805918
0.805581
0.802867
0.79008
0.80288
0.795575
0.813177
0.790821
0.799286
0.806537
0.815427
0.792287
0.791373
0.795863
0.817117
0.791373
0.803307
0.798043
0.789015
0.774934
0.813975
0.802679
0.799465
0.816236
0.793164
0.796099
0.808511
0.808549
0.785467
0.805333
0.802305
0.775021
0.797321
0.791851
0.811189
0.814247
0.803763
0.788745
0.801963
0.810469
0.799821
0.808889
0.804566
0.8
0.810422
0.796748
0.791084
0.809311
0.785589
0.800178
0.817106
0.802842
0.793196
0.79599
0.798753
0.793679
0.806423
0.786713
0.813761
0.791519
0.79661
0.784521
0.804745
0.796806
0.794301
0.795954
0.804813
0.804196
0.797693
0.819379
0.80961
0.798759
0.807554
0.797703
0.793841
0.802326
0.795374
0.80614
0.807381
0.8
0.809821
0.80885
0.80018
0.781609
0.787587
0.816143
0.789474
0.81412
0.807002
0.807207
0.800696
0.803763
0.809524
0.799644
0.797693
0.784331
0.793623
0.799119
0.802111
0.794066
0.80914
0.803836
0.793778
0.774697
0.779528
0.799107
0.811996
0.793286
0.785103
0.80427
0.802867
0.794604
0.80573
0.807624
0.805984
0.820163
0.805333
0.801754
0.797703
0.782609
0.808341
0.811935
0.814612
0.799107
0.798593
0.806452
0.79207
0.807554
0.816421
0.798068
0.798937
0.812556
0.792219
0.7959
0.796834
0.798214
0.813406
0.788696
0.791851
0.800537
0.803922
0.803556
0.796972
0.794326
0.788732
0.771626
0.79163
0.786527
0.791304
0.815455
0.797357
0.805077
0.809827
0.798068
0.783362
0.79163
0.800702
0.798085
0.788308
0.807002
0.796931
0.800177
0.792832
0.781609
0.801406
0.801066
0.814414
0.798946
0.801786
0.798748
0.809187
0.804639
0.791084
0.791406
0.803747
0.789658
0.807935
0.799641
0.790677
0.788869
0.789567
0.796986
0.793694
0.795394
0.792502
0.800901
0.809091
0.794533
0.80373
0.803163
0.813933
0.823154
0.79878
0.802469
0.802691
0.825765
0.799477
0.797333
0.820235
0.8051
0.805405
0.804813
0.80905
0.792586
0.793103
0.795918
0.805054
0.815789
0.788068
0.8
0.790799
0.810127
0.802158
0.820163
0.801444
0.815217
0.796655
0.777098
0.80516
0.788546
0.782609
0.790351
0.809947
0.790861
0.797672
0.791373
0.811252
0.780402
0.801231
0.804114
0.780191
0.805944
0.802336
0.802491
0.802817
0.798942
0.79845
0.8125
0.798246
0.81267
0.790493
0.798946
0.788918
0.799821
0.808
0.827027
0.809311
0.799642
0.793497
0.786096
0.804252
0.801237
0.787045
0.792737
0.804659
0.798365
0.794376
0.774417
0.802158
0.777394
0.815081
0.813406
0.802643
0.776522
0.79947
0.814247
0.818934
0.79115
0.799283
0.799119
0.788114
0.790393
0.786348
0.797166
0.780258
0.800178
0.787252
0.798748
0.817282
0.80531
0.804078
0.80387
0.787905
0.809865
0.795633
0.800178
0.768116
0.79682
0.796986
0.797178
0.791923
0.801412
0.795234
0.795614
0.819013
0.787045
0.788328
0.795614
0.79115
0.797882
0.781197
0.790252
0.796945
0.8125
0.779809
0.789427
0.784111
0.795414
0.805877
0.8014
0.803177
0.803044
0.819583
0.809187
0.793594
0.80742
0.80035
0.795455
0.796491
0.789056
0.810329
0.802491
0.786152
0.783877
0.817117
0.789245
0.788091
0.800881
0.805405
0.789655
0.812444
0.81211
0.815861
0.801954
0.797651
0.806798
0.77213
0.784141
0.788918
0.801075
0.802829
0.794533
0.815907
0.806011
0.783478
0.784179
0.789707
0.798942
0.801747
0.80885
0.794401
0.797153
0.815907
0.810173
0.791161
0.794805
0.773748
0.806746
0.791892
0.798394
0.800885
0.822303
0.775107
0.804464
0.822993
0.811475
0.802867
0.79823
0.791228
0.797166
0.790393
0.81987
0.809524
0.808511
0.818018
0.795075
0.800181
0.800178
0.802513
0.788462
0.794983
0.801061
0.797853
0.821396
0.807692
0.782459
0.801762
0.793073
0.806423
0.813528
0.7844
0.815508
0.797713
0.796806
0.803396
0.788121
0.813067
0.779588
0.794917
0.82208
0.798025
0.798742
0.796117
0.806746
0.797513
0.801954
0.803714
0.775789
0.795737
0.790925
0.807829
0.814488
0.796099
0.78329
0.805482
0.806971
0.801794
0.810469
0.786784
0.78177
0.794326
0.788782
0.802829
0.803697
0.778731
0.784021
0.805825
0.797178
0.788683
0.813177
0.789974
0.791189
0.80868
0.798043
0.793594
0.807414
0.796986
0.796972
0.797191
0.801066
0.793833
0.808145
0.798198
0.815149
0.792982
0.820348
0.799821
0.795213
0.780402
0.788831
0.806625
0.789803
0.79292
0.793164
0.806768
0.801444
0.786026
0.800877
0.809654
0.786914
0.803411
0.819892
0.802178
0.79344
0.803975
0.812613
0.800728
0.797012
0.795516
0.79163
0.815647
0.780382
0.802667
0.79982
0.788732
0.792035
0.801052
0.79417
0.817128
0.818431
0.795595
0.803235
0.793805
0.789007
0.814442
0.772184
0.798748
0.789427
0.813345
0.789792
0.809439
0.801259
0.790739
0.79207
0.806423
0.797127
0.806159
0.795595
0.818265
0.813787
0.788173
0.810206
0.804813
0.810284
0.773241
0.78329
0.823154
0.823041
0.796476
0.810883
0.786644
0.81216
0.79417
0.790351
0.8
0.786207
0.822303
0.801835
0.795737
0.810883
0.818926
0.795845
0.793537
0.811304
0.785652
0.801418
0.806909
0.793566
0.785838
0.811201
0.786596
0.795775
0.80198
0.802691
0.801594
0.811607
0.808664
0.808719
0.797178
0.823264
0.792
0.789982
0.811712
0.810811
0.797844
0.783737
0.793256
0.789753
0.807175
0.805351
0.801971
0.78
0.780617
0.822142
0.817017
0.803904
0.789151
0.798748
0.801778
0.802513
0.799293
0.79458
0.798068
0.794533
0.795495
0.800355
0.792369
0.789242
0.782419
0.826167
0.801794
0.793706
0.798415
0.790393
0.801954
0.788512
0.782912
0.794459
0.80354
0.775241
0.816952
0.789104
0.814222
0.794604
0.795699
0.800355
0.808378
0.80213
0.803763
0.791123
0.818345
0.811182
0.819569
0.798401
0.806768
0.785841
0.808304
0.780594
0.796972
0.800889
0.798422
0.802158
0.819168
0.7869
0.797447
0.80198
0.787177
0.805286
0.809437
0.809269
0.801609
0.803235
0.798068
0.79947
0.809228
0.788732
0.797345
0.806278
0.812613
0.794849
0.819672
0.773124
0.812665
0.804857
0.805054
0.808072
0.794195
0.800358
0.80158
0.796777
0.80163
0.786758
0.785714
0.785968
0.808182
0.801066
0.810762
0.803206
0.791449
0.787905
0.799463
0.788411
0.795595
0.801594
0.79566
0.81149
0.817674
0.807111
0.831336
0.805357
0.787511
0.79878
0.794872
0.790265
0.81991
0.806625
0.799645
0.802842
0.796986
0.798206
0.793679
0.79476
0.805183
0.798918
0.806595
0.780296
0.815956
0.800709
0.796959
0.800353
0.813109
0.815111
0.80523
0.811712
0.808877
0.7869
0.806909
0.808036
0.803044
0.791297
0.789007
0.80651
0.785467
0.788462
0.792952
0.813297
0.818015
0.790351
0.781929
0.790885
0.795213
0.809955
0.813406
0.805679
0.80213
0.803556
0.809174
0.80543
0.784643
0.80087
0.80793
0.797557
0.798574
0.791522
0.806685
0.792266
0.80853
0.810688
0.788276
0.791071
0.791304
0.792801
0.824723
0.7959
0.794803
0.808044
0.800349
0.797693
0.786527
0.797038
0.77665
0.793316
0.813849
0.80885
0.818767
0.780656
0.794964
0.792982
0.794434
0.782152
0.805877
0.808969
0.802295
0.789613
0.796313
0.793196
0.79858
0.8125
0.777778
0.790323
0.797872
0.778369
0.794351
0.790759
0.819597
0.78988
0.803524
0.789974
0.79214
0.804965
0.795756
0.792619
0.779705
0.797434
0.776211
0.802469
0.804834
0.800905
0.784956
0.810592
0.81149
0.80213
0.787773
0.793226
0.799293
0.818828
0.801594
0.798422
0.787587
0.780277
0.807273
0.785777
0.789245
0.809991
0.793345
0.797166
0.781739
0.826248
0.803797
0.805137
0.810932
0.789849
0.793734
0.795775
0.817084
0.79252
0.80477
0.814748
0.819073
0.785276
0.80373
0.790252
0.807033
0.808207
0.803044
0.791084
0.812105
0.807864
0.806244
0.79174
0.816876
0.809353
0.80053
0.787422
0.806625
0.77866
0.804328
0.778066
0.808108
0.784734
0.791557
0.79599
0.792586
0.788068
0.809181
0.805031
0.798415
0.804856
0.80127
0.815813
0.79529
0.797166
0.806625
0.796595
0.799296
0.784777
0.813393
0.790123
0.793103
0.814716
0.799636
0.79292
0.807588
0.801762
0.812274
0.806077
0.797853
0.806132
0.783406
0.78471
0.795009
0.806625
0.801061
0.786842
0.789938
0.8049
0.798587
0.791297
0.800178
0.794221
0.813575
0.792535
0.79599
0.797535
0.811659
0.794894
0.795255
0.819234
0.792254
0.77383
0.802667
0.793194
0.801963
0.794275
0.801418
0.800532
0.788909
0.791812
0.793497
0.795234
0.816197
0.801963
0.801609
0.795793
0.798034
0.803797
0.792857
0.800527
0.793651
0.785589
0.796791
0.785965
0.76943
0.804484
0.816382
0.79292
0.798937
0.795918
0.81982
0.798222
0.793961
0.81505
0.792219
0.812897
0.795882
0.789887
0.805206
0.795737
0.792287
0.779451
0.812892
0.794917
0.812781
0.799468
0.795793
0.807895
0.810811
0.797703
0.790293
0.810565
0.793734
0.809269
0.786087
0.797297
0.808182
0.79819
0.78961
0.809695
0.819643
0.776512
0.80689
0.792769
0.789703
0.813297
0.786914
0.79469
0.788793
0.783589
0.814414
0.805825
0.802305
0.783101
0.790941
0.793988
0.7869
0.809865
0.80752
0.803797
0.797844
0.795756
0.797651
0.808889
0.814714
0.79516
0.801963
0.788782
0.792115
0.784436
0.796931
0.799824
0.791923
0.794627
0.807899
0.802502
0.816382
0.820559
0.787402
0.803832
0.780277
0.809865
0.81064
0.807315
0.806422
0.790493
0.822785
0.797693
0.798932
0.807065
0.787611
0.799823
0.806077
0.800534
0.774493
0.804189
0.784364
0.810081
0.800885
0.784843
0.808758
0.821942
0.796413
0.803556
0.805531
0.810345
0.808394
0.789894
0.783641
0.814016
0.820583
0.818182
0.800355
0.794144
0.793679
0.795234
0.780087
0.78416
0.783451
0.798568
0.800357
0.797723
0.808664
0.792863
0.807727
0.798937
0.808969
0.825296
0.783217
0.809099
0.795435
0.792737
0.802315
0.800539
0.798051
0.791219
0.809865
0.799652
0.797713
0.79615
0.812057
0.800353
0.807002
0.817175
0.794557
0.813528
0.802149
0.780679
0.806828
0.809783
0.797178
0.806104
0.80543
0.807273
0.801594
0.801945
0.806222
0.826816
0.788646
0.80654
0.796959
0.797153
0.78503
0.812274
0.800705
0.798942
0.786287
0.782986
0.790265
0.81189
0.79163
0.792952
0.797713
0.816964
0.798415
0.782007
0.801794
0.805009
0.801928
0.79098
0.808704
0.789658
0.809524
0.794459
0.797333
0.782946
0.780969
0.807829
0.804078
0.787958
0.814552
0.800889
0.797101
0.80625
0.806306
0.791297
0.819367
0.801786
0.809651
0.806278
0.785281
0.810762
0.797672
0.784071
0.801802
0.80177
0.801786
0.792105
0.79667
0.799293
0.791703
0.79516
0.791482
0.797297
0.815577
0.800897
0.792553
0.805531
0.786655
0.798401
0.793907
0.813849
0.821727
0.809395
0.791482
0.805903
0.79661
0.807315
0.813226
0.800705
0.798574
0.813237
0.795255
0.801242
0.780739
0.791335
0.790636
0.791045
0.783713
0.794326
0.783217
0.810252
0.788596
0.806909
0.778346
0.810592
0.811647
0.800699
0.8
0.810009
0.797127
0.798753
0.794271
0.807453
0.821558
0.795213
0.792436
0.823848
0.784141
0.807175
0.810329
0.799293
0.796296
0.781629
0.812943
0.79469
0.816399
0.8
0.799468
0.798408
0.782646
0.805861
0.809695
0.785095
0.782912
0.797491
0.811372
0.799463
0.81295
0.793833
0.805206
0.801786
0.816123
0.79628
0.789474
0.80725
0.811712
0.788276
0.781034
0.804505
0.800179
0.805606
0.787579
0.814581
0.80914
0.799645
0.775174
0.821265
0.801431
0.814404
0.815956
0.821138
0.773913
0.801616
0.798951
0.790308
0.786399
0.796655
0.803411
0.805357
0.799642
0.787533
0.80053
0.794376
0.808758
0.808036
0.80752
0.795737
0.815179
0.791123
0.78952
0.804484
0.811828
0.79858
0.784211
0.790594
0.787402
0.809827
0.80468
0.818996
0.791964
0.812613
0.790636
0.806569
0.808587
0.77635
0.784111
0.784468
0.781469
0.806708
0.785527
0.799107
0.818761
0.807453
0.793706
0.800866
0.793403
0.792335
0.796082
0.795936
0.783205
0.79386
0.804749
0.807727
0.816547
0.815836
0.800885
0.803556
0.797357
0.804618
0.815934
0.809651
0.784229
0.792737
0.795332
0.789849
0.783713
0.788091
0.802792
0.792436
0.804525
0.817694
0.820018
0.784765
0.795633
0.784974
0.804464
0.804425
0.798387
0.818099
0.784297
0.811528
0.812667
0.815081
0.791892
0.802139
0.788732
0.795918
0.8
0.786537
0.778646
0.812667
0.795536
0.815018
0.79664
0.779762
0.798422
0.793594
0.784588
0.793961
0.792487
0.790594
0.815343
0.806566
0.803381
0.80605
0.802655
0.801095
0.799103
0.79163
0.787367
0.792
0.807516
0.808036
0.80213
0.811775
0.808877
0.799286
0.809091
0.802679
0.81769
0.777397
0.800534
0.814781
0.794014
0.794326
0.784071
0.79051
0.816682
0.812165
0.813681
0.80531
0.800534
0.80429
0.78952
0.79646
0.794144
0.81127
0.799823
0.810762
0.787029
0.792586
0.82261
0.787826
0.811881
0.804505
0.810329
0.808758
0.806715
0.818515
0.807207
0.802295
0.813285
0.796972
0.800525
0.794872
0.791199
0.793134
0.804749
0.789474
0.8117
0.809947
0.799649
0.802158
0.797025
0.782195
0.81267
0.782423
0.779412
0.803322
0.81146
0.786607
0.801406
0.797502
0.780402
0.791199
0.811031
0.799644
0.794849
0.815482
0.803556
0.80108
0.805434
0.81769
0.787489
0.800889
0.789427
0.806338
0.808719
0.808108
0.803957
0.795954
0.796117
0.816637
0.791778
0.781305
0.818182
0.78388
0.79517
0.816071
0.782912
0.789565
0.823098
0.799107
0.795556
0.80853
0.797309
0.790759
0.808267
0.799095
0.789336
0.800177
0.794508
0.804943
0.797891
0.797524
0.79913
0.806104
0.786644
0.810688
0.818182
0.792436
0.789194
0.798555
0.790167
0.789242
0.800897
0.803922
0.803747
0.811927
0.788062
0.816697
0.776682
0.80036
0.803279
0.805381
0.801457
0.808719
0.785652
0.794557
0.798574
0.803493
0.788114
0.799649
0.791667
0.80468
0.817029
0.789194
0.783993
0.8
0.793345
0.810835
0.794964
0.794604
0.811052
0.811201
0.794667
0.799649
0.802867
0.781359
0.792208
0.799824
0.800712
0.806394
0.778269
0.78559
0.811439
0.800909
0.788596
0.787773
0.795699
0.805506
0.804659
0.811712
0.796625
0.803887
0.811828
0.797166
0.812332
0.792369
0.788225
0.797025
0.810345
0.800893
0.794246
0.806023
0.790167
0.811647
0.809439
0.817029
0.793256
0.823209
0.815081
0.817439
0.813514
0.787986
0.784042
0.79344
0.795918
0.800525
0.804577
0.790759
0.819255
0.787177
0.784821
0.790167
0.774672
0.78534
0.791189
0.815385
0.795075
0.803177
0.808608
0.801638
0.80354
0.791554
0.791594
0.808219
0.787958
0.778547
0.815257
0.798068
0.788014
0.804078
0.824176
0.798387
0.804388
0.782161
0.805482
0.806537
0.786332
0.789007
0.78877
0.80573
0.804834
0.796117
0.833483
0.798937
0.820054
0.809099
0.80427
0.794619
0.797909
0.793074
0.790885
0.816382
0.789849
0.8
0.793226
0.786607
0.796134
0.790718
0.798401
0.802149
0.808969
0.804152
0.79386
0.817264
0.801786
0.807453
0.794849
0.805877
0.799642
0.81117
0.821656
0.815884
0.801066
0.807482
0.808108
0.781086
0.796791
0.80961
0.782007
0.804464
0.791335
0.787102
0.792115
0.800889
0.808007
0.805009
0.791887
0.818919
0.787879
0.810811
0.805115
0.79344
0.798222
0.797891
0.800897
0.798415
0.79667
0.791815
0.805679
0.81435
0.771259
0.80531
0.809739
0.795234
0.801237
0.803177
0.815257
0.80373
0.798918
0.806452
0.813869
0.806708
0.807658
0.801425
0.79646
0.794737
0.798043
0.791778
0.800178
0.799103
0.806595
0.784021
0.817029
0.785965
0.795918
0.800897
0.803044
0.802536
0.80018
0.808044
0.803571
0.795812
0.808625
0.808664
0.775281
0.793805
0.799824
0.787478
0.802139
0.773943
0.80961
0.791519
0.803939
0.799641
0.802158
0.802491
0.79599
0.798923
0.79929
0.810173
0.789849
0.801253
0.794714
0.792889
0.794195
0.815149
0.803191
0.797191
0.792185
0.816697
0.797743
0.807971
0.815247
0.785022
0.786026
0.799822
0.813247
0.797872
0.795756
0.779947
0.799299
0.783362
0.801945
0.800353
0.790614
0.803571
0.803524
0.798748
0.796444
0.790295
0.814682
0.798759
0.803571
0.793623
0.787253
0.817439
0.801066
0.796263
0.817017
0.784091
0.793469
0.787234
0.795031
0.81036
0.766524
0.812557
0.781498
0.790759
0.777586
0.808969
0.816801
0.795516
0.778541
0.793554
0.800532
0.799111
0.798429
0.808415
0.802667
0.777972
0.786537
0.787798
0.801573
0.807111
0.794459
0.791416
0.792035
0.806167
0.820583
0.801587
0.794409
0.813008
0.788562
0.785903
0.80212
0.812556
0.793879
0.797524
0.798429
0.813453
0.785153
0.798928
0.8
0.815647
0.803114
0.802158
0.795026
0.790861
0.801431
0.811388
0.787533
0.830119
0.803587
0.807033
0.803922
0.801609
0.80752
0.796329
0.791335
0.792863
0.814815
0.795793
0.778738
0.801623
0.805482
0.813499
0.812781
0.790677
0.799463
0.792619
0.781599
0.804133
0.78559
0.808415
0.771758
0.810376
0.795595
0.792651
0.8
0.799127
0.798775
0.787159
0.819982
0.819178
0.815385
0.81216
0.793194
0.784777
0.792586
0.816364
0.805137
0.804096
0.820583
0.799107
0.807487
0.798408
0.77598
0.815455
0.792982
0.793778
0.796655
0.800355
0.780087
0.790393
0.796099
0.798932
0.806599
0.791594
0.80299
0.789703
0.797863
0.814016
0.819419
0.805957
0.792705
0.820909
0.806452
0.802102
0.816271
0.801431
0.785271
0.801778
0.820348
0.790435
0.819255
0.794351
0.806195
0.814576
0.801998
0.779947
0.802548
0.798051
0.798394
0.799465
0.79806
0.796777
0.793805
0.803381
0.792105
0.803587
0.805092
0.795009
0.798742
0.799641
0.798759
0.791923
0.797535
0.813016
0.80427
0.791851
0.784656
0.825
0.783496
0.787801
0.819091
0.805903
0.820677
0.814915
0.827712
0.788512
0.808453
0.788121
0.806909
0.809963
0.792254
0.797693
0.786655
0.812613
0.797872
0.797203
0.818773
0.800534
0.790451
0.801998
0.786871
0.788276
0.806452
0.786158
0.794557
0.791297
0.806195
0.812724
0.804505
0.80053
0.799293
0.80905
0.794779
0.79404
0.81149
0.791776
0.813167
0.805629
0.793566
0.799475
0.810981
0.786383
0.818592
0.801794
0.798401
0.805581
0.810909
0.78106
0.804987
0.801438
0.79929
0.793374
0.792287
0.80362
0.786527
0.767842
0.784262
0.790718
0.819082
0.80288
0.808664
0.815287
0.802347
0.810517
0.787986
0.80303
0.799821
0.804328
0.802829
0.810498
0.807065
0.78416
0.803587
0.795075
0.802102
0.774055
0.799468
0.789798
0.819657
0.777972
0.784244
0.791189
0.813076
0.794964
0.799465
0.793928
0.811528
0.791482
0.790265
0.791776
0.816547
0.785777
0.800537
0.7854
0.788782
0.79628
0.808318
0.805115
0.795793
0.811372
0.793623
0.8
0.783394
0.78553
0.793011
0.799296
0.800175
0.807111
0.80035
0.78508
0.80036
0.797491
0.78628
0.799649
0.783523
0.799647
0.8125
0.811581
0.808171
0.800877
0.80427
0.794619
0.810298
0.785714
0.808587
0.802315
0.795031
0.784521
0.80905
0.793594
0.797191
0.803587
0.80631
0.809228
0.790366
0.782534
0.808877
0.798206
0.806746
0.791373
0.825252
0.796444
0.805381
0.796082
0.803004
0.791928
0.798051
0.795009
0.804659
0.804096
0.78534
0.802691
0.797434
0.800715
0.820419
0.80468
0.796791
0.806625
0.811881
0.779675
0.809865
0.788308
0.794401
0.809395
0.793164
0.771824
0.800178
0.791045
0.804987
0.815956
0.801786
0.793074
0.808072
0.800889
0.795812
0.801242
0.8191
0.795495
0.77316
0.790323
0.80625
0.815149
0.823049
0.800527
0.777098
0.802458
0.807111
0.810883
0.804078
0.802691
0.807659
0.808108
0.798568
0.797872
0.783641
0.798085
0.825848
0.812444
0.804856
0.80018
0.794619
0.787511
0.802502
0.796134
0.807356
0.806566
0.80427
0.78106
0.806625
0.80429
0.815978
0.813345
0.797491
0.806228
0.814143
0.800353
0.802727
0.802347
0.788683
0.800177
0.80213
0.803085
0.797872
0.796099
0.797683
0.788967
0.803797
0.812219
0.818996
0.769362
0.802842
0.813059
0.807899
0.809353
0.812777
0.794326
0.823098
0.800178
0.797863
0.815622
0.789194
0.792651
0.793196
0.813406
0.793939
0.795918
0.815247
0.821168
0.796517
0.788543
0.790965
0.815385
0.812004
0.811286
0.786087
0.790799
0.795595
0.808704
0.815552
0.770634
0.800358
0.79858
0.816382
0.810392
0.80625
0.803206
0.814516
0.792952
0.786207
0.803747
0.79664
0.816836
0.810498
0.776042
0.81149
0.815385
0.812332
0.791958
0.798077
0.806187
0.811943
0.797127
0.80961
0.795936
0.826364
0.802703
0.793282
0.79661
0.804484
0.805704
0.814312
0.793013
0.778938
0.813514
0.792369
0.807187
0.801609
0.799475
0.806798
0.787611
0.787029
0.799642
0.822344
0.808281
0.790451
0.814748
0.803366
0.783406
0.801778
0.804723
0.797693
0.801253
0.80213
0.803381
0.809651
0.795255
0.785651
0.799468
0.795096
0.815081
0.795234
0.79628
0.792035
0.804659
0.806104
0.803922
0.789382
0.801998
0.792952
0.80708
0.801418
0.816143
0.797844
0.7875
0.793103
0.809395
0.808108
0.775758
0.780296
0.809865
0.80288
0.808341
0.798599
0.811712
0.793013
0.776158
0.797683
0.799293
0.800873
0.787478
0.800889
0.807971
0.814222
0.806452
0.796329
0.825068
0.813849
0.79417
0.803427
0.783972
0.811818
0.792254
0.802491
0.793073
0.802842
0.797321
0.785217
0.78866
0.794144
0.816787
0.812613
0.804749
0.793074
0.801438
0.796444
0.813725
0.7979
0.80053
0.80991
0.800352
0.833333
0.81629
0.787402
0.794326
0.794849
0.795575
0.802139
0.804813
0.80991
0.794604
0.813001
0.799822
0.80991
0.778753
0.802326
0.795255
0.80177
0.789613
0.793805
0.816712
0.794667
0.787159
0.797491
0.808664
0.789894
0.810036
0.783595
0.802679
0.789887
0.78729
0.805333
0.813177
0.822669
0.793497
0.798561
0.791444
0.772408
0.818426
0.796444
0.783831
0.791373
0.780572
0.789097
0.788091
0.793651
0.793778
0.79646
0.795918
0.788173
0.772807
0.8
0.794595
0.799644
0.810206
0.790378
0.799644
0.803351
0.805434
0.78413
0.815907
0.779029
0.806077
0.794351
0.804856
0.787852
0.795234
0.797166
0.804702
0.795936
0.807692
0.808929
0.817439
0.784091
0.796655
0.789938
0.830447
0.800353
0.796082
0.813891
0.797502
0.808182
0.798246
0.808207
0.812614
0.810081
0.798051
0.785461
0.787648
0.811252
0.817273
0.826958
0.796117
0.811996
0.811337
0.798599
0.808625
0.799642
0.806159
0.792737
0.804233
0.795332
0.791557
0.810762
0.790308
0.808281
0.795191
0.806195
0.799825
0.802448
0.798401
0.791812
0.788225
0.809651
0.814143
0.815179
0.798422
0.789007
0.78329
0.777003
0.790656
0.803235
0.799468
0.805531
0.794351
0.779857
0.808378
0.78634
0.821764
0.79823
0.792801
0.813109
0.793256
0.778169
0.801609
0.823905
0.798748
0.814159
0.803427
0.803571
0.772887
0.799821
0.787086
0.810115
0.789015
0.807033
0.795296
0.811439
0.786527
0.806909
0.785022
0.814647
0.80417
0.800721
0.79174
0.809397
0.798068
0.798759
0.797345
0.803493
0.80177
0.816456
0.802513
0.785153
0.800179
0.804464
0.804505
0.786828
0.793042
0.810762
0.788596
0.794557
0.79636
0.804484
0.799119
0.779322
0.797535
0.800179
0.812956
0.797025
0.805183
0.806595
0.815596
0.806132
0.79664
0.798408
0.79661
0.78565
0.798753
0.79661
0.807971
0.795213
0.814781
0.79667
0.805254
0.796247
0.807658
0.797918
0.809939
0.791045
0.811052
0.821461
0.789757
0.794144
0.801066
0.771478
0.8125
0.816547
0.794826
0.787402
0.78329
0.792889
0.80036
0.802691
0.79682
0.8181
0.785776
0.802842
0.801594
0.787069
0.800731
0.77972
0.808837
0.784383
0.816176
0.806452
0.804729
0.808719
0.790135
0.793351
0.821005
0.796099
0.79078
0.784468
0.799642
0.799293
0.8
0.796507
0.821588
0.808415
0.794351
0.783362
0.811647
0.812555
0.781359
0.812223
0.792952
0.818182
0.792185
0.801047
0.797713
0.799119
0.79021
0.776916
0.804464
0.815315
0.788869
0.78534
0.788068
0.803747
0.807727
0.804813
0.799103
0.802326
0.807175
0.818592
0.808473
0.808743
0.822464
0.784179
0.803904
0.803396
0.795031
0.810036
0.806708
0.800525
0.795255
0.795536
0.792028
0.809991
0.792769
0.803381
0.782609
0.788151
0.791045
0.803264
0.819927
0.786701
0.805506
0.798016
0.787252
0.796117
0.795139
0.796684
0.802469
0.781195
0.798748
0.798206
0.794803
0.797025
0.797285
0.794826
0.812219
0.78603
0.792388
0.824074
0.790493
0.822202
0.806104
0.816801
0.810376
0.809524
0.768971
0.803747
0.811881
0.799115
0.808099
0.803017
0.806738
0.809269
0.796522
0.809692
0.798574
0.808969
0.796806
0.804348
0.807487
0.79646
0.80885
0.803681
0.809739
0.815907
0.8
0.79748
0.782456
0.77439
0.791486
0.804444
0.800699
0.783422
0.7854
0.798593
0.813406
0.787478
0.778753
0.781277
0.805834
0.798593
0.790167
0.793988
0.797215
0.792035
0.808664
0.805679
0.797502
0.803163
0.812278
0.79838
0.800178
0.796444
0.802805
0.805482
0.792982
0.806971
0.794557
0.798764
0.795374
0.800885
0.8125
0.811659
0.795075
0.79007
0.803993
0.782272
0.813167
0.78952
0.793103
0.787905
0.788696
0.818264
0.796007
0.79806
0.793194
0.803571
0.805851
0.79469
0.791812
0.783478
0.804114
0.789613
0.785714
0.815111
0.792535
0.810376
0.80948
0.794643
0.804639
0.80427
0.780846
0.788831
0.789474
0.812105
0.800705
0.822993
0.790576
0.799475
0.796655
0.808171
0.791923
0.790838
0.789798
0.80303
0.810959
0.802502
0.793623
0.820949
0.802513
0.803351
0.791667
0.788091
0.824007
0.790718
0.801425
0.794872
0.801609
0.796848
0.795614
0.80654
0.799477
0.778253
0.805679
0.804464
0.805581
0.808704
0.81295
0.806798
0.78355
0.788496
0.806104
0.795075
0.816606
0.789289
0.811775
0.801778
0.795213
0.791228
0.79838
0.809107
0.808036
0.784777
0.806738
0.780087
0.789199
0.813806
0.803904
0.823422
0.796959
0.800539
0.785467
0.811131
0.794459
0.809695
0.81149
0.809778
0.81064
0.792369
0.809395
0.807727
0.794301
0.801954
0.791486
0.787478
0.784042
0.787986
0.807273
0.79806
0.801226
0.791411
0.792672
0.78185
0.807762
0.805455
0.802502
0.813127
0.786957
0.802855
0.807111
0.802691
0.800532
0.80708
0.815385
0.813911
0.801242
0.799641
0.794449
0.801594
0.814612
0.81122
0.816667
0.809865
0.804943
0.80212
0.796491
0.80429
0.809439
0.789427
0.823792
0.80108
0.791335
0.804791
0.808378
0.786667
0.79583
0.774221
0.802855
0.805531
0.776304
0.798593
0.806828
0.818182
0.816382
0.803556
0.787478
0.806566
0.805183
0.822669
0.782007
0.813333
0.791005
0.798568
0.79024
0.811607
0.784956
0.772217
0.818834
0.789707
0.823148
0.813237
0.795918
0.80322
0.801418
0.786713
0.795414
0.802643
0.810206
0.79946
0.819927
0.807829
0.813274
0.805606
0.81016
0.8
0.808625
0.822581
0.798214
0.797524
0.799822
0.808044
0.820721
0.804505
0.79682
0.790738
0.817857
0.826558
0.792863
0.809963
0.821527
0.793134
0.804464
0.805381
0.810688
0.798401
0.801794
0.803177
0.790308
0.798401
0.79664
0.802158
0.806746
0.803396
0.797891
0.799091
0.794195
0.793381
0.79878
0.792894
0.797357
0.792369
0.804114
0.80991
0.787798
0.793321
0.784788
0.809311
0.788646
0.80053
0.817439
0.825339
0.811321
0.805206
0.805381
0.810252
0.802667
0.818919
0.788328
0.805357
0.784211
0.818854
0.791594
0.797345
0.797215
0.811439
0.796986
0.801425
0.809481
0.811201
0.802315
0.812834
0.807348
0.795756
0.802643
0.811818
0.80406
0.811775
0.798932
0.805679
0.809947
0.782994
0.797038
0.814552
0.781498
0.793988
0.812897
0.789938
0.809311
0.797321
0.803556
0.810545
0.807624
0.798932
0.811935
0.797012
0.795337
0.81016
0.79516
0.791557
0.803058
0.805654
0.790553
0.776014
0.814404
0.806222
0.79207
0.785354
0.787719
0.803396
0.791703
0.789887
0.79682
0.784279
0.792737
0.794803
0.812444
0.794384
0.80198
0.786885
0.771231
0.812557
0.817932
0.799649
0.796263
0.816236
0.809783
0.825571
0.77701
0.789982
0.799641
0.811201
0.802703
0.816216
0.803832
0.789798
0.820163
0.796564
0.795793
0.793722
0.797166
0.827425
0.803017
0.803747
0.793706
0.794246
0.817273
0.809353
0.800897
0.807692
0.79646
0.815718
0.802139
0.776014
0.791519
0.80531
0.796134
0.818347
0.788745
0.793988
0.810762
0.797357
0.796834
0.802703
0.797672
0.821558
0.798253
0.813636
0.810909
0.8
0.801971
0.806132
0.805381
0.794351
0.793805
0.816417
0.796117
0.797025
0.7869
0.800178
0.787618
0.825092
0.805808
0.8
0.783478
0.80053
0.810737
0.810392
0.814143
0.809082
0.808625
0.818676
0.808929
0.802632
0.81295
0.804425
0.806366
0.80477
0.789427
0.793913
0.802691
0.806685
0.808743
0.79664
0.80427
0.788225
0.793256
0.816029
0.772996
0.776531
0.793226
0.793988
0.782195
0.797333
0.792254
0.776248
0.807414
0.818926
0.801601
0.806971
0.805918
0.780894
0.800881
0.79517
0.801739
0.806306
0.803524
0.804405
0.804943
0.782074
0.796655
0.79386
0.791031
0.80468
0.812044
0.776732
0.807829
0.813743
0.796834
0.804152
0.804484
0.79292
0.802168
0.80625
0.802315
0.803249
0.792535
0.796413
0.818347
0.792793
0.783784
0.810688
0.804791
0.788582
0.788512
0.795536
0.800352
0.797891
0.790799
0.809609
0.801998
0.797863
0.806569
0.787045
0.807315
0.774552
0.79375
0.788478
0.799823
0.801115
0.803235
0.805381
0.782459
0.801075
0.807323
0.801601
0.797285
0.816143
0.781756
0.786596
0.791266
0.815217
0.801945
0.816801
0.794434
0.803797
0.809269
0.81064
0.789157
0.806971
0.796007
0.800721
0.798246
0.80212
0.799111
0.798214
0.818519
0.801794
0.812613
0.799824
0.815149
0.801587
0.801937
0.801971
0.809264
0.812332
0.808889
0.805434
0.797891
0.80213
0.811943
0.80713
0.808511
0.795414
0.788683
0.789062
0.795053
0.817029
0.80107
0.785464
0.786213
0.794144
0.780509
0.8
0.781818
0.797038
0.815343
0.798753
0.799824
0.804566
0.804233
0.79476
0.80742
0.798182
0.795009
0.806738
0.802469
0.800527
0.800178
0.824057
0.80516
0.8181
0.799472
0.800709
0.790123
0.806422
0.795455
0.803411
0.801963
0.808453
0.81653
0.788411
0.793554
0.795053
0.803381
0.817446
0.803366
0.791304
0.802703
0.787958
0.802111
0.787271
0.796655
0.790657
0.805755
0.785527
0.799465
0.794894
0.822404
0.805556
0.811423
0.804965
0.795575
0.799123
0.80373
0.792889
0.794301
0.796999
0.7869
0.794667
0.799641
0.826087
0.802655
0.79946
0.800718
0.827996
0.793988
0.788462
0.787641
0.799822
0.797203
0.805333
0.793805
0.806738
0.783737
0.794803
0.77691
0.794983
0.7959
0.793722
0.79823
0.812044
0.815622
0.799299
0.791594
0.795954
0.798918
0.807306
0.801945
0.813869
0.808267
0.7854
0.808281
0.797535
0.812444
0.80303
0.798007
0.784042
0.812943
0.805877
0.78471
0.792502
0.790553
0.800889
0.814414
0.814442
0.79207
0.796972
0.814103
0.807727
0.79615
0.790265
0.811372
0.804878
0.791928
0.808318
0.804702
0.811594
0.813743
0.805606
0.800881
0.789056
0.806023
0.804791
0.812785
0.808549
0.800178
0.797345
0.797345
0.793164
0.801601
0.807381
0.801945
0.797502
0.799286
0.784416
0.803249
0.785839
0.809353
0.806768
0.812903
0.812215
0.805333
0.819482
0.80107
0.808473
0.806971
0.798043
0.809099
0.79007
0.791592
0.800709
0.80373
0.817117
0.79714
0.796972
0.790965
0.795793
0.804252
0.804702
0.812274
0.805286
0.8
0.789991
0.804189
0.782152
0.801056
0.77701
0.775132
0.792453
0.800179
0.806452
0.803396
0.796134
0.815911
0.816759
0.819495
0.803085
0.803017
0.787478
0.801601
0.809865
0.79007
0.794144
0.823105
0.794643
0.781528
0.811475
0.7959
0.806423
0.813825
0.794351
0.781445
0.804618
0.798937
0.807935
0.801248
0.792436
0.797345
0.791031
0.800705
0.820255
0.807797
0.812731
0.785652
0.783641
0.795276
0.820513
0.804096
0.802158
0.802491
0.799465
0.80035
0.782759
0.793043
0.805581
0.812215
0.807487
0.792115
0.789887
0.793833
0.798222
0.795954
0.79682
0.790677
0.79682
0.800715
0.79877
0.791123
0.789242
0.793706
0.818756
0.814815
0.805009
0.824287
0.804309
0.798932
0.820702
0.788646
0.798742
0.792769
0.806023
0.810906
0.795455
0.794732
0.799823
0.80429
0.802842
0.784111
0.798742
0.80322
0.820652
0.803411
0.814884
0.785968
0.797524
0.79425
0.788097
0.802285
0.807554
0.786644
0.803366
0.795075
0.806798
0.784042
0.784314
0.805781
0.801609
0.782953
0.810345
0.802158
0.790017
0.801259
0.797345
0.806746
0.7979
0.798206
0.794783
0.807348
0.800177
0.812443
0.786266
0.795699
0.804328
0.811337
0.791297
0.803836
0.796595
0.785965
0.801248
0.807315
0.825848
0.806569
0.821331
0.805054
0.795848
0.786449
0.784452
0.817073
0.804545
0.801616
0.790308
0.785404
0.809437
0.796263
0.784535
0.797872
0.807935
0.814714
0.80573
0.81064
0.795414
0.799472
0.793554
0.798394
0.809695
0.80531
0.78952
0.79946
0.784777
0.80573
0.810081
0.767581
0.794221
0.782343
0.788696
0.804425
0.809307
0.798365
0.81505
0.787665
0.792639
0.81505
0.803191
0.80035
0.779705
0.811423
0.813453
0.806566
0.792737
0.790167
0.797333
0.802275
0.802458
0.816889
0.798937
0.795435
0.806685
0.785467
0.830447
0.795414
0.779029
0.777296
0.809865
0.782723
0.817352
0.800539
0.796791
0.797166
0.792254
0.793226
0.80299
0.779913
0.815718
0.791815
0.800712
0.804096
0.80605
0.792028
0.8
0.795652
0.798764
0.808145
0.798246
0.810422
0.788411
0.807097
0.785095
0.802727
0.83653
0.794872
0.805286
0.797178
0.807143
0.790366
0.798568
0.81122
0.794533
0.819332
0.79021
0.789991
0.817774
0.805877
0.807453
0.785714
0.798561
0.816606
0.820909
0.782152
0.79425
0.785464
0.798077
0.809132
0.797166
0.810737
0.804252
0.801242
0.793374
0.812724
0.782609
0.810469
0.799822
0.788967
0.797693
0.800182
0.816029
0.80053
0.800718
0.786207
0.794195
0.807448
0.811252
0.805506
0.795972
0.805755
0.806077
0.803904
0.810545
0.790718
0.805357
0.803604
0.808356
0.796029
0.798415
0.809739
0.803366
0.808969
0.796117
0.775319
0.805606
0.796329
0.803922
0.802158
0.800361
0.781223
0.798759
0.797357
0.793256
0.810667
0.786458
0.809859
0.80605
0.769965
0.823049
0.804723
0.804078
0.785652
0.822284
0.796491
0.813237
0.800357
0.8049
0.795633
0.80689
0.796099
0.808415
0.799822
0.792105
0.79529
0.806077
0.813975
0.810932
0.793833
0.792586
0.804618
0.806569
0.807381
0.77691
0.803381
0.8
0.795536
0.806715
0.800176
0.805679
0.809783
0.807899
0.834871
0.806222
0.795972
0.813001
0.812943
0.795595
0.798043
0.805458
0.800881
0.812781
0.799119
0.802502
0.803604
0.796247
0.793778
0.806423
0.79207
0.812057
0.803235
0.799103
0.807218
0.818756
0.80018
0.806768
0.802188
0.793961
0.801226
0.801928
0.800178
0.797693
0.796564
0.81149
0.783595
0.813636
0.797203
0.791342
0.781787
0.807414
0.793778
0.819982
0.787159
0.79163
0.808929
0.826127
0.800532
0.785276
0.808318
0.809821
0.805333
0.823422
0.816863
0.776716
0.811475
0.780749
0.780894
0.80654
0.801248
0.787271
0.79928
0.812994
0.77439
0.7869
0.807388
0.809821
0.794459
0.80373
0.808341
0.800721
0.808877
0.806566
0.808244
0.782912
0.786771
0.811712
0.799463
0.812443
0.795394
0.793223
0.819013
0.801971
0.793043
0.809397
0.805629
0.79215
0.780919
0.82765
0.801075
0.800353
0.808625
0.792419
0.789613
0.800699
0.789104
0.795718
0.815765
0.821855
0.798394
0.811101
0.818592
0.797524
0.815789
0.795234
0.790351
0.817766
0.799277
0.781112
0.78471
0.817531
0.797178
0.797153
0.811594
0.78326
0.806077
0.803044
0.788091
0.803571
0.793886
0.800178
0.790435
0.795756
0.802513
0.80373
0.804078
0.807033
0.804791
0.806985
0.808281
0.790594
0.798387
0.78416
0.8
0.803957
0.804618
0.807065
0.80248
0.799825
0.809695
0.795332
0.796345
0.807453
0.793778
0.792028
0.788512
0.8
0.793734
0.811151
0.793411
0.80689
0.787986
0.79858
0.80053
0.81211
0.803044
0.794849
0.813575
0.820444
0.814647
0.803524
0.80212
0.813911
0.798034
0.807971
0.800178
0.783143
0.789707
0.793879
0.802805
0.815188
0.809567
0.792384
0.803366
0.817518
0.813127
0.796777
0.800889
0.803191
0.791228
0.793074
0.792737
0.809788
0.786713
0.794459
0.798748
0.81162
0.785589
0.807282
0.797227
0.794014
0.807487
0.800539
0.806708
0.795353
0.807829
0.785965
0.801802
0.810688
0.789056
0.80248
0.807273
0.805263
0.801786
0.791189
0.803957
0.812556
0.797127
0.810081
0.805333
0.808587
0.807143
0.793103
0.807899
0.791958
0.784279
0.790636
0.795394
0.809568
0.80108
0.789382
0.792321
0.810737
0.799823
0.791219
0.794144
0.811556
0.810422
0.8014
0.813008
0.784788
0.782798
0.798238
0.807727
0.817854
0.802336
0.812332
0.814915
0.804577
0.803396
0.791482
0.792801
0.805704
0.793623
0.79252
0.794872
0.785276
0.780105
0.798928
0.764906
0.79207
0.801786
0.795009
0.797285
0.795556
0.799127
0.798928
0.810036
0.803322
0.793778
0.791557
0.800889
0.804309
0.796699
0.813514
0.782222
0.794401
0.808625
0.794849
0.781277
0.78769
0.80742
0.795614
0.794849
0.796655
0.79207
0.797693
0.798574
0.79623
0.781469
0.809955
0.806364
0.813127
0.791778
0.804152
0.800889
0.791851
0.796296
0.803177
0.801265
0.80417
0.791335
0.801989
0.799826
0.807588
0.797012
0.793286
0.815577
0.800355
0.803058
0.798222
0.809524
0.789887
0.809395
0.789615
0.796296
0.777202
0.798408
0.805009
0.808837
0.809865
0.797713
0.795191
0.826531
0.814612
0.817453
0.807348
0.802326
0.801056
0.801616
0.783808
0.807065
0.821592
0.816759
0.810565
0.797153
0.792857
0.797524
0.783831
0.80373
0.792769
0.796396
0.79628
0.802178
0.804659
0.802347
0.787879
0.801786
0.772372
0.772372
0.795075
0.81359
0.811355
0.80742
0.794557
0.787271
0.801066
0.788039
0.80108
0.792619
0.784788
0.78416
0.789199
0.798748
0.800705
0.809778
0.795276
0.79174
0.808664
0.80991
0.814286
0.808549
0.809947
0.783406
0.812785
0.823049
0.803763
0.80516
0.787533
0.785464
0.787511
0.801248
0.808625
0.794872
0.785464
0.795652
0.807727
0.791411
0.812614
0.801412
0.776502
0.794783
0.797844
0.795718
0.79982
0.807829
0.8181
0.775457
0.784899
0.818265
0.797166
0.787618
0.796834
0.809991
0.793526
0.789613
0.794961
0.793961
0.808244
0.804943
0.812956
0.821138
0.805183
0.797683
0.825181
0.803922
0.805357
0.790759
0.794092
0.811607
0.818182
0.801778
0.809181
0.786798
0.812386
0.791258
0.799293
0.797872
0.805357
0.784722
0.806595
0.794849
0.785842
0.797491
0.798016
0.798937
0.8
0.80724
0.789931
0.792952
0.804834
0.821331
0.787826
0.786092
0.805851
0.79458
0.793988
0.816547
0.794459
0.803904
0.820513
0.811542
0.797368
0.784091
0.782533
0.796296
0.793316
0.78471
0.792832
0.815907
0.804133
0.808587
0.79615
0.768581
0.788276
0.818431
0.777876
0.784656
0.805183
0.796959
0.788328
0.802111
0.798736
0.798759
0.805679
0.816801
0.785211
0.769692
0.790409
0.804899
0.808648
0.778929
0.81768
0.776801
0.796791
0.810545
0.814414
0.803939
0.812614
0.786207
0.809783
0.805254
0.812613
0.807487
0.788732
0.799296
0.820513
0.797713
0.795053
0.80158
0.781708
0.787986
0.796945
0.783641
0.797703
0.801431
0.801075
0.795009
0.806338
0.799115
0.786655
0.784229
0.806077
0.797345
0.809651
0.809649
0.800353
0.78503
0.826558
0.808877
0.787159
0.8
0.826923
0.80516
0.819583
0.798928
0.795775
0.795718
0.816456
0.799821
0.78185
0.807965
0.807899
0.794557
0.791228
0.783831
0.8125
0.780509
0.802855
0.796986
0.790123
0.788173
0.783807
0.820183
0.796099
0.806715
0.818834
0.780572
0.803556
0.824449
0.792727
0.79819
0.809311
0.800542
0.793651
0.797513
0.789849
0.793253
0.809865
0.784364
0.802491
0.790965
0.811151
0.803993
0.789382
0.789519
0.803191
0.78416
0.809091
0.813514
0.810376
0.809783
0.780191
0.786092
0.800534
0.809651
0.801609
0.809264
0.802703
0.80742
0.79947
0.799111
0.801747
0.790351
0.799107
0.800537
0.822404
0.818182
0.792
0.791522
0.794401
0.811439
0.813297
0.793679
0.797502
0.80322
0.80322
0.817857
0.805851
0.797693
0.819419
0.816682
0.815217
0.793374
0.805009
0.81653
0.790435
0.797166
0.80654
0.802336
0.796134
0.798932
0.817117
0.799123
0.789333
0.821942
0.795234
0.807018
0.795474
0.800537
0.805825
0.812099
0.799308
0.810836
0.792105
0.799477
0.793594
0.797368
0.787086
0.798051
0.8
0.805877
0.792254
0.813467
0.780277
0.807218
0.796296
0.82963
0.774914
0.808811
0.773152
0.797524
0.8117
0.797891
0.794961
0.798408
0.816952
0.776339
0.785777
0.796413
0.788225
0.806798
0.804078
0.802536
0.799642
0.791335
0.808625
0.797693
0.787086
0.80961
0.80427
0.820976
0.799463
0.797693
0.807727
0.775986
0.762148
0.804987
0.808036
0.816863
0.808837
0.807554
0.805877
0.80961
0.802632
0.808549
0.810036
0.778929
0.812611
0.813699
0.782686
0.784965
0.815081
0.802502
0.783595
0.801085
0.796099
0.816197
0.808007
0.825967
0.795009
0.79469
0.786784
0.801573
0.799825
0.809947
0.79174
0.794826
0.806422
0.795213
0.801242
0.797345
0.813911
0.779221
0.807588
0.796999
0.805333
0.806655
0.807323
0.812384
0.802715
0.802842
0.827996
0.786087
0.78144
0.799119
0.780382
0.809609
0.802842
0.799647
0.774697
0.806828
0.809991
0.8181
0.810115
0.806715
0.800721
0.811775
0.799822
0.786997
0.787986
0.809865
0.80605
0.781168
0.800184
0.782419
0.802502
0.790821
0.796134
0.805206
0.815081
0.807895
0.782647
0.795148
0.823264
0.788527
0.803957
0.800905
0.800709
0.794144
0.789048
0.795633
0.801616
0.812443
0.814982
0.806738
0.801253
0.807033
0.809739
0.811388
0.809609
0.812274
0.79667
0.810238
0.818847
0.802111
0.787013
0.787905
0.80378
0.807864
0.79646
0.795918
0.814312
0.798253
0.786914
0.792952
0.794595
0.793256
0.793778
0.80759
0.799465
0.803206
0.825023
0.803411
0.793196
0.805957
0.810115
0.804096
0.789427
0.8125
0.800544
0.810762
0.816345
0.811989
0.793833
0.820255
0.802305
0.81233
0.803427
0.804965
0.794849
0.782265
0.803571
0.811252
0.802347
0.800551
0.790393
0.772727
0.774576
0.794376
0.782419
0.811828
0.812215
0.790123
0.78729
0.795148
0.800897
0.803524
0.80516
0.80303
0.784974
0.777188
0.793623
0.802315
0.811182
0.800699
0.796972
0.790222
0.80468
0.799644
0.79115
0.801623
0.807658
0.825848
0.785217
0.77691
0.776327
0.777003
0.808453
0.80614
0.812388
0.787931
0.795031
0.786332
0.807623
0.810688
0.794737
0.80406
0.800897
0.777098
0.77972
0.813016
0.795435
0.781659
0.789894
0.81086
0.813514
0.80625
0.806595
0.809009
0.804723
0.813787
0.792737
0.792301
0.805825
0.787215
0.79566
0.781469
0.775406
0.818761
0.812727
0.788596
0.797127
0.822785
0.818264
0.805333
0.812667
0.785336
0.797513
0.814079
0.812215
0.808453
0.789974
0.801945
0.796959
0.816514
0.789707
0.810376
0.788204
0.797713
0.795954
0.811423
0.803206
0.82965
0.78603
0.798077
0.785714
0.790901
0.798401
0.817525
0.802655
0.792619
0.793833
0.793988
0.80354
0.812155
0.81127
0.801056
0.794533
0.788296
0.811996
0.807282
0.800885
0.78961
0.789428
0.797297
0.80605
0.810909
0.778938
0.806828
0.803206
0.802149
0.799107
0.807832
0.788173
0.796972
0.799647
0.804987
0.79661
0.795053
0.798753
0.789849
0.792737
0.793939
0.795414
0.788596
0.808664
0.80036
0.794917
0.800873
0.805031
0.796263
0.815412
0.815018
0.821622
0.825528
0.787271
0.799647
0.795494
0.78
0.797178
0.80914
0.808929
0.801431
0.803294
0.791449
0.800178
0.805581
0.800176
0.815789
0.809099
0.788276
0.797882
0.810545
0.793011
0.787422
0.822344
0.807692
0.80708
0.801971
0.786147
0.80212
0.789091
0.805861
0.801237
0.783101
0.803604
0.805381
0.812727
0.800715
0.801609
0.805606
0.801747
0.801594
0.791594
0.799824
0.813453
0.790435
0.792436
0.799286
0.798775
0.806278
0.787905
0.811828
0.809947
0.810498
0.803993
0.781142
0.798937
0.800532
0.789703
0.796777
0.804878
0.794221
0.791189
0.797403
0.786771
0.792651
0.792403
0.799296
0.797178
0.806768
0.819266
0.78177
0.816514
0.80378
0.807658
0.811321
0.796476
0.804598
0.796999
0.796082
0.794939
0.782007
0.801794
0.813806
0.802855
0.812278
0.806909
0.783831
0.798246
0.806828
0.802368
0.804464
0.795614
0.806222
0.810959
0.811765
0.803587
0.794849
0.797491
0.810909
0.779913
0.794619
0.798951
0.796099
0.803797
0.811423
0.806104
0.793381
0.806971
0.80417
0.795536
0.796655
0.808704
0.796117
0.78801
0.795812
0.80593
0.797357
0.798222
0.806023
0.786399
0.791161
0.820559
0.807658
0.810545
0.80303
0.797285
0.802977
0.783247
0.812777
0.803249
0.791411
0.797333
0.7959
0.811659
0.785589
0.795826
0.789146
0.793103
0.797215
0.790925
0.795075
0.789286
0.777487
0.793778
0.806278
0.795435
0.806768
0.805957
0.80991
0.839102
0.8
0.795775
0.797693
0.79806
0.794872
0.784521
0.8181
0.807624
0.793374
0.813393
0.799647
0.806023
0.796834
0.785905
0.776068
0.794351
0.790351
0.790295
0.805206
0.812727
0.80593
0.797166
0.801412
0.796986
0.817446
0.794425
0.803017
0.801431
0.797191
0.776623
0.786087
0.809009
0.782187
0.803044
0.795918
0.780763
0.779863
0.780656
0.793554
0.8
0.808511
0.784788
0.781359
0.788683
0.805333
0.802855
0.795191
0.800357
0.796263
0.798415
0.789474
0.800525
0.793134
0.778846
0.802867
0.806104
0.803366
0.809059
0.780977
0.818509
0.809821
0.785408
0.807065
0.798759
0.800174
0.803939
0.808378
0.805704
0.801786
0.791335
0.795096
0.805755
0.803351
0.810173
0.815789
0.795213
0.812892
0.813167
0.80107
0.794714
0.80905
0.80516
0.784111
0.799463
0.792737
0.809821
0.805031
0.80429
0.798593
0.81086
0.808007
0.803396
0.808929
0.805333
0.797872
0.797333
0.798246
0.796117
0.784602
0.790594
0.803249
0.80239
0.800534
0.781528
0.805506
0.7979
0.788632
0.781383
0.814442
0.798587
0.81653
0.794557
0.805206
0.810667
0.801963
0.780362
0.786655
0.789703
0.806655
0.794459
0.793164
0.786273
0.802149
0.803939
0.789658
0.810592
0.804252
0.808378
0.79516
0.805048
0.824176
0.808587
0.817518
0.780551
0.796167
0.801594
0.798025
0.815217
0.799645
0.786771
0.793623
0.791084
0.791851
0.824386
0.820814
0.80625
0.79929
0.809019
0.791519
0.78177
0.802906
0.779029
0.80885
0.794376
0.788428
0.794508
0.797297
0.776327
0.788879
0.793778
0.789056
0.808648
0.80752
0.797012
0.797203
0.787634
0.790739
0.790026
0.801594
0.781086
0.799821
0.812785
0.793256
0.802855
0.785841
0.800712
0.807658
0.815577
0.790535
0.821131
0.792737
0.814442
0.794714
0.794849
0.803163
0.799277
0.805263
0.801406
0.798764
0.813177
0.819927
0.800534
0.796082
0.801998
0.790265
0.795575
0.797683
0.829535
0.80573
0.8
0.797662
0.805405
0.804834
0.808797
0.80914
0.800712
0.801971
0.800718
0.796522
0.795756
0.807002
0.811321
0.795936
0.806655
0.820826
0.81205
0.807554
0.81064
0.791005
0.797834
0.794326
0.81016
0.781112
0.804444
0.813127
0.802829
0.797723
0.79947
0.781882
0.807727
0.810714
0.784602
0.819836
0.791815
0.806595
0.805482
0.805381
0.790017
0.798946
0.803411
0.790393
0.791703
0.82049
0.80198
0.796491
0.793345
0.80429
0.809821
0.80109
0.787456
0.797882
0.784091
0.787456
0.807348
0.790821
0.778163
0.822181
0.783929
0.79806
0.791703
0.785714
0.80262
0.792208
0.797683
0.795031
0.785464
0.811052
0.801587
0.802893
0.8
0.824007
0.796313
0.796082
0.798043
0.806452
0.809739
0.794275
0.824497
0.789338
0.801237
0.789333
0.79927
0.811996
0.804659
0.805357
0.803904
0.799103
0.796296
0.795516
0.807348
0.789842
0.801425
0.795414
0.791928
0.802102
0.797524
0.779412
0.79214
0.806599
0.813345
0.809353
0.81189
0.813297
0.820091
0.806768
0.807899
0.80018
0.800897
0.798222
0.794275
0.779588
0.789474
0.799822
0.800179
0.79714
0.801047
0.800178
0.80427
0.810298
0.787744
0.79664
0.800357
0.789194
0.80373
0.791519
0.817854
0.809739
0.796329
0.804834
0.7795
0.804042
0.806655
0.804114
0.797546
0.802502
0.809821
0.77883
0.79115
0.818841
0.797491
0.797872
0.802139
0.807487
0.808281
0.802285
0.813059
0.800696
0.815482
0.793196
0.804233
0.818265
0.79583
0.799824
0.792369
0.8
0.804484
0.795009
0.803177
0.794224
0.813559
0.820419
0.795118
0.79929
0.796522
0.794425
0.792321
0.804233
0.804987
0.804878
0.819178
0.809567
0.798759
0.810298
0.797703
0.803396
0.801778
0.787587
0.79664
0.794484
0.803904
0.798198
0.792857
0.794401
0.812724
0.801418
0.775652
0.780725
0.815455
0.794714
0.787931
0.788745
0.805781
0.820652
0.78877
0.793411
0.807143
0.804791
0.788869
0.816787
0.794484
0.811201
0.809222
0.797153
0.806768
0.785205
0.815552
0.8
0.796777
0.794826
0.783784
0.806023
0.783831
0.795595
0.800178
0.788378
0.799637
0.799463
0.808797
0.798401
0.808587
0.805679
0.811423
0.792619
0.806011
0.81362
0.799107
0.785022
0.804525
0.780572
0.785968
0.798568
0.79682
0.80373
0.794779
0.787271
0.814815
0.797882
0.81412
0.804878
0.811542
0.815552
0.79682
0.803177
0.8125
0.81267
0.78603
0.783576
0.79664
0.80593
0.810284
0.791887
0.816606
0.805254
0.821918
0.805606
0.791703
0.811337
0.823098
0.786632
0.791189
0.786458
0.774527
0.830571
0.80914
0.817431
0.791993
0.795936
0.822102
0.802315
0.811252
0.80192
0.801998
0.800881
0.804252
0.794221
0.805683
0.809009
0.794118
0.787346
0.818182
0.789798
0.787013
0.806768
0.768631
0.804348
0.815247
0.806566
0.792469
0.80378
0.795775
0.794091
0.796806
0.80198
0.80429
0.809437
0.808758
0.787402
0.784549
0.794301
0.803815
0.788732
0.805556
0.798222
0.787665
0.780337
0.795031
0.803396
0.814815
0.805629
0.80427
0.794092
0.824066
0.789474
0.791123
0.806222
0.802326
0.792266
0.820882
0.804856
0.822242
0.79928
0.790925
0.807448
0.798932
0.784843
0.801066
0.796134
0.8
0.808207
0.797215
0.799645
0.782379
0.780509
0.804096
0.811996
0.799821
0.776502
0.800532
0.801616
0.803279
0.80018
0.813285
0.79163
0.799821
0.802295
0.818182
0.82
0.807315
0.798946
0.801425
0.79207
0.80605
0.784909
0.804444
0.810376
0.811372
0.788496
0.803975
0.793469
0.801786
0.790252
0.796313
0.79344
0.795936
0.802691
0.809437
0.785336
0.798408
0.790351
0.798932
0.813681
0.801259
0.792208
0.812271
0.783101
0.78503
0.790265
0.817512
0.778753
0.788562
0.784452
0.797153
0.803004
0.810315
0.791228
0.788927
0.788869
0.798261
0.805381
0.809311
0.805333
0.805381
0.794401
0.805077
0.78769
0.79877
0.805581
0.80248
0.803922
0.79292
0.813118
0.804252
0.810206
0.805405
0.794296
0.784899
0.778547
0.789474
0.81216
0.818592
0.79214
0.818996
0.798408
0.812667
0.79946
0.80905
0.796791
0.79929
0.799302
0.797513
0.795595
0.788039
0.782684
0.777679
0.805825
0.791449
0.775221
0.797333
0.804252
0.787381
0.790925
0.796806
0.795936
0.813051
0.810345
0.78326
0.80429
0.819355
0.804152
0.812611
0.80322
0.79947
0.780572
0.803396
0.775319
0.801786
0.796791
0.787511
0.795213
0.808929
0.806738
0.792469
0.805825
0.804252
0.808664
0.790617
0.813681
0.80597
0.785962
0.792553
0.816863
0.807965
0.792769
0.7795
0.811031
0.786914
0.795096
0.809181
0.798198
0.821062
0.790517
0.803058
0.803763
0.79965
0.797012
0.811989
0.79252
0.79292
0.792301
0.796082
0.809903
0.811388
0.822566
0.80905
0.82049
0.783362
0.797166
0.795737
0.808356
0.805077
0.794595
0.793469
0.799823
0.802679
0.786957
0.79929
0.781802
0.781897
0.788308
0.79078
0.801242
0.794619
0.8
0.791199
0.805808
0.809181
0.804702
0.816438
0.804987
0.79425
0.791519
0.801945
0.788276
0.784279
0.806132
0.789567
0.797357
0.801609
0.813681
0.798748
0.811388
0.791444
0.795556
0.788276
0.815188
0.801609
0.801601
0.792035
0.779438
0.783641
0.806738
0.788173
0.774672
0.794144
0.802326
0.830556
0.808549
0.810883
0.802305
0.788014
0.795075
0.780337
0.796625
0.795374
0.818182
0.795699
0.786828
0.781416
0.805455
0.803904
0.80213
0.79051
0.804309
0.794987
0.787958
0.769363
0.801253
0.806625
0.811081
0.797403
0.792469
0.813743
0.800537
0.811121
0.800179
0.799302
0.80605
0.787933
0.808453
0.786738
0.795374
0.788582
0.804328
0.824497
0.813743
0.775862
0.814103
0.785965
0.812105
0.806481
0.800177
0.801066
0.788308
0.807002
0.786607
0.805137
0.80288
0.787641
0.800699
0.801998
0.808072
0.815081
0.791887
0.789798
0.793411
0.789658
0.809695
0.809315
0.809917
0.792619
0.788696
0.773333
0.784021
0.786784
0.801937
0.802336
0.783902
0.792586
0.80543
0.795213
0.813358
0.802513
0.787773
0.790393
0.788428
0.797191
0.812667
0.803887
0.789015
0.791923
0.79516
0.793566
0.783784
0.793934
0.806023
0.793074
0.801945
0.798007
0.801587
0.805357
0.801945
0.788546
0.784452
0.801431
0.799644
0.802525
0.804484
0.797683
0.796099
0.801418
0.796082
0.796999
0.812994
0.807864
0.793833
0.80213
0.801794
0.795918
0.799477
0.797723
0.790026
0.811321
0.80651
0.812727
0.826568
0.819168
0.791923
0.787177
0.831925
0.81127
0.80507
0.794557
0.799095
0.807482
0.799095
0.786726
0.786158
0.769561
0.796999
0.790222
0.790167
0.79838
0.819804
0.808625
0.793074
0.800718
0.810298
0.802469
0.803411
0.784497
0.780944
0.785714
0.790308
0.814748
0.822936
0.778738
0.777103
0.797863
0.808378
0.79838
0.802275
0.788194
0.813237
0.794872
0.80752
0.803249
0.803004
0.795699
0.80248
0.801066
0.799283
0.803427
0.823529
0.788831
0.81205
0.801818
0.802655
0.802513
0.803427
0.80212
0.793651
0.793526
0.788039
0.808758
0.79417
0.806023
0.784297
0.793374
0.81435
0.793554
0.806777
0.811996
0.801425
0.806216
0.807282
0.813309
0.788411
0.782609
0.795575
0.802667
0.790965
0.786408
0.795936
0.801594
0.821855
0.806878
0.795718
0.791335
0.790677
0.807692
0.790535
0.81629
0.812165
0.798253
0.784668
0.795031
0.798587
0.807143
0.783924
0.798748
0.809481
0.80288
0.794939
0.805506
0.796007
0.80354
0.782686
0.781222
0.80531
0.795954
0.789613
0.792737
0.813787
0.791189
0.797513
0.795737
0.803336
0.792436
0.79458
0.810422
0.801594
0.782419
0.78204
0.800176
0.824275
0.797713
0.798937
0.793134
0.807218
0.795096
0.792586
0.79667
0.789245
0.793073
0.807727
0.803017
0.801406
0.80914
0.799091
0.793411
0.785281
0.813127
0.79835
0.80362
0.80427
0.805357
0.791923
0.811304
0.797285
0.814516
0.799639
0.793526
0.796806
0.776817
0.774744
0.797703
0.796329
0.803163
0.794918
0.805877
0.814377
0.811881
0.796247
0.799283
0.802315
0.794434
0.797502
0.796945
0.796848
0.804965
0.798387
0.792894
0.79098
0.789894
0.807795
0.817774
0.816514
0.791123
0.796313
0.798759
0.785965
0.809609
0.793411
0.802893
0.806508
0.796329
0.796848
0.80292
0.813849
0.807797
0.799123
0.810762
0.796999
0.786972
0.800358
0.795374
0.794939
0.816
0.807829
0.795936
0.806366
0.805405
0.802188
0.777586
0.792
0.81233
0.790636
0.810498
0.80248
0.813067
0.787013
0.786914
0.805092
0.790535
0.788444
0.810932
0.792219
0.800905
0.803556
0.798094
0.806077
0.79646
0.8
0.812332
0.818182
0.802703
0.793651
0.804114
0.788967
0.813911
0.813127
0.824771
0.81233
0.788428
0.797321
0.79928
0.781003
0.796117
0.815356
0.807727
0.789199
0.793345
0.789381
0.805357
0.805054
0.790878
0.798587
0.798429
0.803163
0.808569
0.813787
0.791335
0.79628
0.797693
0.818596
0.793934
0.792952
0.794484
0.805604
0.786842
0.789056
0.79682
0.819836
0.804078
0.781787
0.803747
0.78634
0.792105
0.79858
0.807315
0.814079
0.804921
0.791189
0.7979
0.803993
0.795972
0.80288
0.802679
0.797535
0.80108
0.801237
0.808453
0.811556
0.800885
0.800176
0.802469
0.796444
0.801601
0.804189
0.789062
0.813849
0.788562
0.806909
0.805031
0.809397
0.793988
0.793594
0.802458
0.799115
0.813118
0.784192
0.79982
0.81488
0.794737
0.780928
0.804659
0.787177
0.803017
0.816621
0.814143
0.80373
0.787478
0.805263
0.796167
0.788782
0.802139
0.793134
0.789199
0.796429
0.797882
0.784668
0.817518
0.801248
0.800709
0.813953
0.811003
0.787879
0.822595
0.799286
0.809991
0.800176
0.801221
0.799821
0.798085
0.802667
0.799296
0.796117
0.78634
0.806452
0.792832
0.811818
0.80303
0.79858
0.790155
0.797491
0.790026
0.818847
0.786713
0.809524
0.789613
0.79806
0.779425
0.815956
0.804702
0.801601
0.80752
0.806481
0.808231
0.792369
0.788512
0.781305
0.786026
0.798253
0.788732
0.793852
0.81127
0.808491
0.79748
0.802336
0.80107
0.792619
0.809524
0.797703
0.796263
0.785777
0.805903
0.782723
0.808664
0.805381
0.797038
0.779029
0.798587
0.818756
0.803235
0.809481
0.790553
0.784071
0.815455
0.810219
0.82965
0.826595
0.768028
0.8
0.820183
0.814552
0.815934
0.806537
0.783523
0.794195
0.78144
0.796413
0.802632
0.810452
0.800357
0.78952
0.8049
0.809174
0.795374
0.78801
0.800715
0.78952
0.787013
0.785901
0.806278
0.797524
0.782684
0.794459
0.790393
0.774332
0.814442
0.802691
0.814982
0.813911
0.787381
0.801945
0.814815
0.795737
0.790123
0.809609
0.791522
0.810452
0.803411
0.798605
0.792801
0.79806
0.80793
0.814057
0.806195
0.783523
0.787346
0.801601
0.803797
0.786332
0.782222
0.806537
0.794894
0.821234
0.821656
0.800905
0.78152
0.808889
0.80742
0.788546
0.81362
0.791123
0.806216
0.816236
0.80109
0.784416
0.78559
0.808415
0.788918
0.792403
0.79417
0.797882
0.797693
0.787179
0.783217
0.805381
0.785962
0.819245
0.811423
0.803524
0.786022
0.808072
0.807048
0.806077
0.823689
0.814714
0.808491
0.804405
0.778855
0.78204
0.77439
0.828311
0.802326
0.818266
0.79946
0.795775
0.80299
0.794803
0.811607
0.789703
0.77913
0.799119
0.799293
0.792863
0.774166
0.819332
0.806364
0.799822
0.797153
0.793196
0.805455
0.795575
0.785901
0.809695
0.789238
0.792185
0.812556
0.797662
0.799824
0.818841
0.795031
0.818345
0.80651
0.816029
0.787641
0.794805
0.78882
0.79292
0.80198
0.816271
0.793196
0.786842
0.795234
0.79078
0.80477
0.807143
0.812386
0.778547
0.792982
0.78729
0.806595
0.801616
0.802255
0.801412
0.802491
0.796552
0.808
0.791373
0.809099
0.789658
0.782195
0.794714
0.795455
0.804923
0.797178
0.802655
0.814815
0.821204
0.800897
0.793961
0.811131
0.803206
0.811647
0.821174
0.819597
0.796777
0.819583
0.800889
0.807273
0.780382
0.810787
0.805957
0.807453
0.790759
0.822624
0.793497
0.819731
0.768293
0.803556
0.785901
0.797368
0.799642
0.817029
0.806595
0.815385
0.785965
0.82198
0.805851
0.802347
0.793508
0.808625
0.809783
0.801747
0.790252
0.807623
0.78952
0.787367
0.779287
0.801431
0.798587
0.819982
0.808929
0.795756
0.788462
0.822523
0.813118
0.788296
0.806394
0.81412
0.792553
0.791031
0.793526
0.78329
0.802867
0.814377
0.806423
0.795575
0.800527
0.802326
0.792388
0.794376
0.806338
0.805455
0.81267
0.800885
0.808318
0.785527
0.802491
0.795009
0.803235
0.81653
0.797368
0.809651
0.800357
0.820327
0.786026
0.800175
0.781995
0.799286
0.807315
0.813345
0.782837
0.825188
0.809395
0.807453
0.815385
0.806452
0.813008
0.802149
0.795332
0.795845
0.796777
0.769896
0.801406
0.80573
0.789022
0.79928
0.78634
0.795191
0.792672
0.787826
0.803587
0.793411
0.816863
0.803206
0.81704
0.816029
0.793316
0.795374
0.785841
0.814387
0.793566
0.799119
0.805581
0.795053
0.803206
0.804598
0.812274
0.812557
0.808072
0.825411
0.808877
0.800179
0.790265
0.802817
0.78534
0.806216
0.776055
0.790036
0.798599
0.798574
0.785103
0.785281
0.806423
0.825646
0.814143
0.788782
0.800885
0.80914
0.795455
0.822242
0.802727
0.781678
0.798587
0.795414
0.794619
0.80468
0.80725
0.802855
0.791258
0.809651
0.800532
0.792436
0.808356
0.805903
0.79457
0.803351
0.798198
0.805183
0.79646
0.803249
0.803853
0.800357
0.786332
0.790718
0.805704
0.816308
0.797513
0.799823
0.799824
0.802368
0.801406
0.805077
0.794604
0.798928
0.796329
0.772034
0.804618
0.80468
0.799822
0.8
0.821881
0.801438
0.811594
0.807624
0.800909
0.791266
0.788173
0.780786
0.820235
0.798753
0.785901
0.804834
0.821931
0.801265
0.794714
0.803044
0.796625
0.793497
0.806452
0.803071
0.814222
0.812724
0.809695
0.800901
0.81149
0.789338
0.807795
0.789382
0.827116
0.812444
0.80625
0.794604
0.819082
0.773585
0.790036
0.794401
0.801221
0.824226
0.79682
0.803556
0.807864
0.808281
0.78326
0.795595
0.800534
0.79646
0.811101
0.80991
0.80793
0.798923
0.798574
0.807111
0.797502
0.793194
0.786467
0.799111
0.812278
0.801237
0.800357
0.789982
0.806566
0.814917
0.78952
0.785088
0.79982
0.78306
0.785217
0.799645
0.796595
0.791594
0.795009
0.804152
0.797153
0.809181
0.786957
0.804766
0.777969
0.802679
0.806655
0.81149
0.796476
0.827183
0.781142
0.816787
0.806655
0.799468
0.814882
0.793103
0.808281
0.81736
0.808171
0.815217
0.804834
0.805357
0.789613
0.802525
0.807453
0.796247
0.812388
0.804834
0.826521
0.79748
0.815813
0.791519
0.793316
0.791923
0.795455
0.793256
0.794714
0.791411
0.788512
0.823422
0.806394
0.78866
0.813953
0.7959
0.813514
0.797321
0.804702
0.802336
0.804639
0.812105
0.804834
0.784042
0.785525
0.809783
0.815111
0.799647
0.786957
0.792801
0.8
0.819168
0.802305
0.796959
0.808929
0.799296
0.792105
0.825411
0.793651
0.79469
0.798928
0.784468
0.807728
0.794849
0.788462
0.793431
0.788611
0.784364
0.827743
0.811454
0.805581
0.80018
0.810206
0.80288
0.795775
0.809827
0.816637
0.786477
0.79564
0.79929
0.795652
0.803587
0.7979
0.817175
0.806625
0.800534
0.819091
0.797535
0.802715
0.784348
0.803004
0.796777
0.789849
0.810071
0.812611
0.802315
0.80991
0.795718
0.814915
0.798753
0.813911
0.804813
0.806077
0.786477
0.816143
0.799115
0.785652
0.815552
0.780087
0.782051
0.819611
0.808257
0.811927
0.81233
0.80192
0.832562
0.806655
0.792469
0.824705
0.781195
0.823529
0.801638
0.804878
0.785901
0.785777
0.788194
0.796595
0.794894
0.788646
0.778163
0.778553
0.801754
0.782143
0.8
0.810092
0.810036
0.796564
0.820144
0.805808
0.792287
0.800182
0.798206
0.812444
0.814377
0.787665
0.805333
0.803206
0.786273
0.793554
0.797844
0.803071
0.80108
0.778938
0.82198
0.793469
0.78223
0.804659
0.799286
0.79947
0.79469
0.789007
0.80378
0.804557
0.798198
0.812721
0.797863
0.800696
0.774697
0.79583
0.789887
0.799644
0.788225
0.801253
0.802139
0.829514
0.775214
0.807111
0.800544
0.80961
0.80429
0.798034
0.79252
0.805654
0.801594
0.786585
0.820348
0.820909
0.788462
0.798942
0.804133
0.779039
0.817273
0.802667
0.782343
0.79982
0.814848
0.790336
0.799472
0.79078
0.824324
0.798764
0.811151
0.787511
0.793961
0.788462
0.802691
0.802295
0.781331
0.789887
0.793526
0.792419
0.800532
0.809481
0.804921
0.794667
0.789292
0.807899
0.787435
0.791411
0.804328
0.7869
0.810592
0.795234
0.798238
0.807187
0.798394
0.794497
0.807762
0.797882
0.787086
0.790265
0.825
0.812165
0.795775
0.799822
0.819082
0.80651
0.803191
0.78872
0.817531
0.796791
0.809566
0.8
0.801075
0.805206
0.791847
0.80053
0.807899
0.793566
0.80322
0.809264
0.795075
0.793988
0.785404
0.788328
0.808625
0.807448
0.781549
0.80315
0.794987
0.80107
0.785901
0.777293
0.787641
0.777491
0.788151
0.789703
0.814612
0.791406
0.801616
0.798719
0.809821
0.812834
0.792982
0.80248
0.805115
0.79344
0.804114
0.803235
0.77691
0.790718
0.80516
0.800539
0.796064
0.799653
0.787215
0.804525
0.80035
0.798246
0.802679
0.783569
0.817525
0.793526
0.802426
0.800349
0.796117
0.806715
0.81267
0.798574
0.792737
0.79806
0.792801
0.792651
0.790123
0.802667
0.786667
0.798034
0.801945
0.812557
0.776042
0.802168
0.795595
0.813453
0.788091
0.79738
0.823315
0.806423
0.805851
0.804598
0.808549
0.802691
0.813544
0.825655
0.807315
0.792769
0.817599
0.788143
0.796999
0.811607
0.805206
0.797872
0.782798
0.791406
0.801061
0.791522
0.813743
0.811131
0.79568
0.791045
0.796263
0.819255
0.799115
0.80468
0.787665
0.794737
0.815018
0.788918
0.79252
0.789062
0.806909
0.797662
0.805405
0.805031
0.781168
0.786408
0.796429
0.79877
0.821138
0.791258
0.798268
0.787478
0.792982
0.812558
0.813453
0.797844
0.804639
0.796763
0.81016
0.816007
0.788646
0.805606
0.806625
0.784832
0.803351
0.826325
0.798555
0.820327
0.78416
0.766581
0.806364
0.802491
0.803853
0.810298
0.795575
0.805195
0.790799
0.796099
0.801075
0.801056
0.809567
0.796848
0.800718
0.817774
0.80212
0.796247
0.793164
0.808453
0.779896
0.817185
0.80163
0.810909
0.810959
0.808969
0.812839
0.7959
0.807196
0.799821
0.795374
0.801231
0.794301
0.796064
0.810762
0.820746
0.792115
0.810173
0.797321
0.802336
0.797723
0.802536
0.801971
0.790594
0.812777
0.790113
0.800358
0.808917
0.816697
0.807033
0.797502
0.798951
0.788958
0.799107
0.801587
0.811808
0.799824
0.801444
0.810592
0.819482
0.815482
0.810517
0.807124
0.772767
0.808625
0.806278
0.776055
0.823963
0.806848
0.812169
0.808394
0.802305
0.804078
0.809099
0.809099
0.821265
0.796313
0.808877
0.807935
0.80406
0.81337
0.805357
0.791335
0.809222
0.796655
0.835821
0.802679
0.77912
0.818509
0.795718
0.806655
0.800905
0.802139
0.784535
0.806222
0.79344
0.811828
0.800897
0.80213
0.797844
0.790265
0.797524
0.791373
0.791703
0.796029
0.793988
0.824434
0.801248
0.793778
0.804152
0.808917
0.798942
0.810981
0.785652
0.805755
0.81106
0.803264
0.812328
0.801259
0.793778
0.815018
0.804444
0.794627
0.791594
0.802667
0.801794
0.8051
0.782533
0.800175
0.793805
0.807965
0.801425
0.780656
0.790409
0.806798
0.796134
0.797333
0.795918
0.80516
0.809349
0.790113
0.798937
0.796806
0.80605
0.808145
0.80573
0.79215
0.789245
0.787346
0.795374
0.802829
0.80651
0.823105
0.799099
0.791335
0.804408
0.815552
0.784179
0.790451
0.805581
0.804659
0.811388
0.800353
0.813975
0.795148
0.800542
0.794144
0.813953
0.790535
0.788173
0.820746
0.810592
0.79664
0.81761
0.797215
0.804505
0.812614
0.794714
0.782152
0.801066
0.793694
0.7844
0.777202
0.812105
0.806187
0.809609
0.802715
0.79207
0.803887
0.813345
0.793256
0.787271
0.783523
0.794872
0.808244
0.801412
0.820072
0.798401
0.799111
0.815525
0.79823
0.785777
0.789798
0.786726
0.807623
0.80373
0.818267
0.805455
0.8117
0.811101
0.796684
0.807727
0.789842
0.821429
0.798051
0.803177
0.814781
0.796595
0.795812
0.789381
0.791111
0.794714
0.793623
0.801066
0.802111
0.784535
0.806595
0.804899
0.799103
0.797368
0.805679
0.801231
0.810959
0.802667
0.789703
0.805506
0.819419
0.791258
0.793011
0.801464
0.799649
0.812613
0.801601
0.778166
0.80654
0.803411
0.801778
0.795031
0.819927
0.813528
0.820467
0.79947
0.78634
0.792832
0.801609
0.786997
0.807388
0.806195
0.810392
0.817518
0.796903
0.796806
0.795435
0.798942
0.792185
0.805206
0.813453
0.809009
0.802139
0.802469
0.794497
0.806971
0.800712
0.797882
0.818265
0.812777
0.799645
0.79947
0.80516
0.79517
0.806481
0.786957
0.80303
0.822888
0.810592
0.799819
0.794826
0.797345
0.787102
0.784468
0.788062
0.792737
0.782953
0.788967
0.811996
0.816456
0.784468
0.799273
0.803235
0.781549
0.813514
0.790901
0.804444
0.796972
0.789982
0.784262
0.805631
0.816216
0.812219
0.800709
0.795053
0.791928
0.813636
0.808824
0.795826
0.795191
0.804505
0.802448
0.804425
0.791851
0.803697
0.823091
0.79664
0.804464
0.819255
0.793679
0.797693
0.801061
0.81448
0.795455
0.795374
0.813059
0.804834
0.80593
0.799644
0.791557
0.824135
0.814016
0.798007
0.806423
0.789194
0.787958
0.804444
0.801794
0.820965
0.785965
0.801259
0.816071
0.79252
0.822491
0.787852
0.824658
0.791189
0.793734
0.772846
0.81769
0.811052
0.801231
0.80053
0.794803
0.80543
0.80213
0.805054
0.806244
0.803366
0.823049
0.796595
0.795737
0.808415
0.810036
0.794301
0.787986
0.812332
0.786147
0.788562
0.788091
0.807624
0.794038
0.794065
0.803587
0.823853
0.780531
0.796444
0.78628
0.818676
0.815718
0.793073
0.798401
0.792254
0.794326
0.810883
0.809091
0.79738
0.799818
0.803922
0.784656
0.785217
0.80406
0.798937
0.793103
0.822888
0.79458
0.81064
0.81122
0.811872
0.813681
0.800539
0.808341
0.814103
0.80885
0.796444
0.801567
0.808415
0.804525
0.789938
0.818761
0.809439
0.808797
0.798401
0.819158
0.813297
0.821331
0.776817
0.805704
0.783951
0.774783
0.806104
0.808758
0.801616
0.803099
0.806077
0.793734
0.79417
0.782493
0.779232
0.801609
0.797703
0.811131
0.794737
0.802691
0.826923
0.825455
0.793623
0.791815
0.816382
0.7962
0.79214
0.779438
0.779152
0.800534
0.812777
0.782837
0.789292
0.813109
0.786726
0.807692
0.800715
0.781142
0.812219
0.811927
0.778912
0.784765
0.783362
0.805704
0.814377
0.802947
0.789842
0.792502
0.81127
0.809695
0.781882
0.80212
0.802525
0.789336
0.818426
0.788596
0.797863
0.79386
0.813118
0.818182
0.802315
0.80108
0.804639
0.798775
0.798568
0.797882
0.807658
0.804133
0.816029
0.811943
0.816563
0.801778
0.803249
0.787798
0.799107
0.782265
0.809099
0.786527
0.822993
0.79469
0.811439
0.790821
0.818996
0.787986
0.802679
0.801754
0.801778
0.806023
0.79806
0.81267
0.802158
0.807348
0.804923
0.800179
0.812557
0.7844
0.786092
0.808511
0.78801
0.8
0.802491
0.817431
0.812389
0.790594
0.785778
0.788444
0.809651
0.797357
0.79469
0.814612
0.788378
0.791228
0.809865
0.793554
0.820204
0.800889
0.815482
0.805482
0.81
0.818756
0.793497
0.80378
0.785651
0.796064
0.809439
0.77912
0.810592
0.80177
0.795936
0.787159
0.79929
0.799302
0.79738
0.808108
0.80573
0.8
0.785153
0.781359
0.809147
0.801778
0.791071
0.791812
0.80378
0.799293
0.79638
0.8
0.802305
0.803714
0.802491
0.78306
0.784909
0.77931
0.809222
0.811927
0.80477
0.809783
0.794737
0.807414
0.807097
0.821331
0.787402
0.801954
0.78508
0.800542
0.783478
0.799642
0.787511
0.803249
0.81761
0.790493
0.788225
0.799293
0.796848
0.817685
0.806738
0.790718
0.784656
0.81189
0.790167
0.788596
0.824275
0.805333
0.798051
0.799465
0.804878
0.800177
0.807692
0.786213
0.804639
0.789658
0.786348
0.802139
0.792672
0.817128
0.804943
0.777875
0.805984
0.804114
0.795936
0.814815
0.773276
0.799818
0.802275
0.795435
0.781003
0.791667
0.79714
0.808877
0.78603
0.805405
0.801259
0.802149
0.811131
0.814581
0.820163
0.800363
0.795213
0.815287
0.790351
0.806306
0.793961
0.80961
0.813975
0.803396
0.798206
0.803747
0.778846
0.804133
0.789056
0.791887
0.796247
0.797357
0.791071
0.796047
0.809481
0.789382
0.812165
0.795595
0.816514
0.784506
0.79344
0.816271
0.808257
0.803556
0.795863
0.800893
0.783641
0.795414
0.791342
0.788732
0.785146
0.794449
0.808929
0.795533
0.806655
0.801066
0.80654
0.788194
0.813226
0.805357
0.80689
0.789703
0.801248
0.782419
0.803904
0.786087
0.818592
0.817599
0.824237
0.80614
0.78177
0.796791
0.786972
0.829787
0.79806
0.794014
0.79929
0.764249
0.809311
0.792436
0.787102
0.80177
0.819836
0.787013
0.789427
0.808837
0.813345
0.834718
0.827206
0.803191
0.80362
0.810811
0.817604
0.779244
0.807692
0.804133
0.801601
0.789703
0.810376
0.80573
0.822523
0.790861
0.800358
0.784602
0.811818
0.82198
0.792639
0.810206
0.787905
0.809778
0.80742
0.80948
0.789194
0.809698
0.813849
0.802906
0.793226
0.804943
0.810954
0.801971
0.813177
0.810127
0.809651
0.797693
0.799824
0.828386
0.816236
0.790036
0.796861
0.80177
0.80694
0.790925
0.786585
0.796117
0.791554
0.80385
0.815813
0.809228
0.788512
0.813849
0.814208
0.786644
0.798753
0.819945
0.80961
0.807348
0.803085
0.808797
0.774806
0.793345
0.801231
0.813453
0.821364
0.777778
0.789381
0.787478
0.817854
0.801601
0.793805
0.808007
0.79738
0.79252
0.810619
0.800705
0.797321
0.783784
0.782986
0.803763
0.801786
0.768519
0.801594
0.802667
0.810392
0.803556
0.786828
0.79913
0.798742
0.804545
0.81653
0.795353
0.808108
0.791189
0.813285
0.786517
0.802178
0.773471
0.810545
0.791342
0.799456
0.801075
0.789056
0.789336
0.79878
0.818834
0.805381
0.796655
0.810954
0.813825
0.800873
0.799823
0.813297
0.80354
0.782609
0.797683
0.803058
0.803887
0.809099
0.795756
0.7844
0.800355
0.798043
0.810329
0.827298
0.785396
0.804024
0.77912
0.798387
0.80651
0.810036
0.807935
0.795276
0.800177
0.795374
0.810667
0.810811
0.778938
0.794459
0.796444
0.801971
0.817935
0.779141
0.788562
0.796064
0.803411
0.805009
0.793073
0.78882
0.777874
0.808415
0.805009
0.784247
0.787556
0.789427
0.798759
0.802691
0.805654
0.800905
0.798561
0.791964
0.823848
0.795374
0.785095
0.815018
0.782456
0.804856
0.786087
0.792369
0.825116
0.795075
0.808587
0.794557
0.812613
0.816123
0.799296
0.792469
0.806195
0.814647
0.767442
0.810667
0.796763
0.798568
0.819432
0.815718
0.80654
0.808587
0.804214
0.803747
0.789613
0.807623
0.785408
0.781629
0.807348
0.782343
0.811504
0.781818
0.804133
0.793164
0.79982
0.792948
0.819657
0.802655
0.786026
0.785022
0.817273
0.799825
0.801438
0.803653
0.77701
0.816712
0.794221
0.796491
0.80036
0.800176
0.804965
0.795234
0.796117
0.791373
0.799296
0.795633
0.78503
0.804133
0.795414
0.80053
0.803571
0.806953
0.789289
0.810517
0.802168
0.802691
0.781708
0.792436
0.799647
0.793988
0.833641
0.806909
0.79163
0.793651
0.807033
0.808182
0.788869
0.798408
0.814183
0.794533
0.80378
0.790901
0.811828
0.786784
0.790656
0.774735
0.806595
0.813681
0.781929
0.809269
0.807487
0.795793
0.778822
0.76754
0.805851
0.824226
0.800534
0.790941
0.813297
0.809991
0.805877
0.808625
0.803264
0.784909
0.7959
0.80018
0.809269
0.798387
0.818182
0.812386
0.812556
0.785223
0.815884
0.805903
0.784974
0.80516
0.801762
0.807971
0.797882
0.799818
0.790925
0.792196
0.80477
0.798016
0.786856
0.8
0.809695
0.800705
0.793256
0.807624
0.797012
0.786914
0.796064
0.805458
0.807065
0.802326
0.806222
0.806222
0.805996
0.802715
0.785211
0.80212
0.774385
0.807554
0.811542
0.791411
0.807111
0.799649
0.794872
0.788276
0.808758
0.809524
0.773369
0.805781
0.787346
0.780382
0.79858
0.814748
0.807829
0.794326
0.792982
0.799644
0.804328
0.80523
0.794783
0.804987
0.802305
0.799283
0.80303
0.78106
0.795575
0.808511
0.805183
0.803587
0.805654
0.814057
0.79947
0.804639
0.793623
0.818265
0.795954
0.786026
0.807388
0.801431
0.802149
0.803714
0.782877
0.808171
0.801954
0.799642
0.801438
0.810422
0.812667
0.797662
0.785903
0.807487
0.790799
0.800542
0.801418
0.806195
0.824337
0.8014
0.799465
0.807554
0.80654
0.784777
0.789104
0.805357
0.788582
0.792705
0.796476
0.793164
0.811372
0.817446
0.770154
0.804189
0.813514
0.782118
0.787958
0.81233
0.792487
0.80262
0.801609
0.793042
0.789381
0.812443
0.775021
0.7959
0.786856
0.792403
0.810883
0.789753
0.806104
0.808072
0.804114
0.80107
0.79375
0.798051
0.805581
0.809609
0.79858
0.792453
0.780467
0.806625
0.791703
0.808969
0.802679
0.803604
0.803556
0.79667
0.779199
0.78836
0.815257
0.799463
0.805877
0.780551
0.811304
0.78508
0.807554
0.79207
0.833638
0.799823
0.801594
0.806114
0.815179
0.811423
0.798198
0.800537
0.825613
0.790493
0.795793
0.783615
0.804834
0.792683
0.813485
0.792889
0.807727
0.802559
0.803058
0.789151
0.790677
0.798394
0.816364
0.777296
0.791304
0.818345
0.798422
0.814247
0.797713
0.81211
0.796999
0.779983
0.79207
0.796099
0.788646
0.78306
0.791703
0.795096
0.806625
0.789661
0.805381
0.793526
0.80107
0.799472
0.799103
0.809353
0.790698
0.79292
0.801052
0.798238
0.796655
0.778846
0.801265
0.794091
0.809524
0.795812
0.810762
0.799642
0.786784
0.812278
0.798786
0.805631
0.78729
0.797863
0.796296
0.797345
0.801786
0.809311
0.787422
0.787634
0.805206
0.805825
0.798951
0.791923
0.789946
0.805183
0.807727
0.796007
0.80914
0.803427
0.8125
0.807381
0.804096
0.792354
0.801085
0.817175
0.777108
0.806306
0.791887
0.787931
0.814273
0.830137
0.792567
0.801794
0.79008
0.803556
0.824931
0.806104
0.809865
0.785345
0.797127
0.804348
0.786147
0.794803
0.799107
0.819168
0.805206
0.801231
0.798415
0.798387
0.80961
0.804233
0.78326
0.813067
0.771976
0.800175
0.80053
0.814247
0.823584
0.812219
0.790941
0.780172
0.820632
0.790535
0.783505
0.795414
0.810313
0.807033
0.791592
0.821168
0.798753
0.808797
0.796099
0.809567
0.805679
0.815693
0.795699
0.787695
0.791406
0.785776
0.790861
0.787456
0.813167
0.809827
0.795414
0.778063
0.811182
0.818681
0.812613
0.795213
0.784262
0.799647
0.806481
0.804386
0.79819
0.798043
0.792502
0.80018
0.80991
0.795614
0.814414
0.816514
0.791444
0.819419
0.79819
0.811594
0.801762
0.799645
0.791373
0.807097
0.809395
0.793651
0.805054
0.802977
0.791883
0.818588
0.806187
0.779221
0.826206
0.786771
0.795096
0.804813
0.799822
0.79007
0.80387
0.811943
0.79947
0.815884
0.783143
0.797557
0.807899
0.785653
0.80961
0.799293
0.793403
0.806715
0.799641
0.811818
0.820091
0.79252
0.815018
0.790476
0.818515
0.793469
0.797863
0.823041
0.789842
0.807348
0.796476
0.815013
0.81122
0.802632
0.8
0.790909
0.800905
0.808549
0.790861
0.812777
0.780656
0.782533
0.803975
0.789982
0.787159
0.811765
0.805278
0.785022
0.792952
0.784521
0.793226
0.790167
0.793623
0.8
0.824885
0.780337
0.799823
0.807282
0.786914
0.81736
0.79947
0.79667
0.793431
0.803957
0.802502
0.798587
0.810932
0.826446
0.798085
0.806393
0.814038
0.796625
0.798253
0.812556
0.804133
0.801259
0.792982
0.78125
0.798422
0.786575
0.799822
0.807971
0.802667
0.783972
0.824015
0.78021
0.792619
0.793469
0.793374
0.810909
0.808415
0.813067
0.789982
0.810762
0.794014
0.815111
0.810545
0.785022
0.784416
0.795536
0.80597
0.81982
0.791084
0.799823
0.81149
0.791189
0.790617
0.822404
0.794326
0.790901
0.788683
0.794667
0.805755
0.816029
0.797882
0.81362
0.806278
0.796875
0.814451
0.791406
0.794224
0.799472
0.799111
0.793961
0.801645
0.790576
0.816029
0.823315
0.788276
0.811775
0.787422
0.79458
0.800352
0.798574
0.787798
0.788546
0.787102
0.790336
0.791923
0.799468
0.809524
0.79658
0.808356
0.785962
0.803509
0.782801
0.798034
0.796655
0.789798
0.801412
0.821204
0.800527
0.773403
0.806222
0.802643
0.78961
0.813467
0.807207
0.796972
0.809439
0.834407
0.791778
0.78634
0.806746
0.781787
0.798928
0.793223
0.793286
0.808797
0.814849
0.808318
0.79806
0.783434
0.813067
0.798214
0.800718
0.795972
0.802842
0.797546
0.811872
0.815412
0.801412
0.813467
0.80387
0.792321
0.799299
0.804538
0.78866
0.788143
0.80212
0.796429
0.816547
0.784348
0.806306
0.81086
0.800525
0.780656
0.80373
0.785153
0.783133
0.781028
0.793886
0.798043
0.800889
0.799296
0.796986
0.818854
0.810811
0.791111
0.791815
0.820536
0.797178
0.797723
0.8191
0.787159
0.827206
0.789382
0.793833
0.786655
0.801056
0.802842
0.79214
0.798593
0.791847
0.786152
0.811101
0.802893
0.80299
0.805877
0.795936
0.796777
0.787086
0.790493
0.801066
0.803714
0.809397
0.79806
0.797203
0.819521
0.786798
0.794351
0.812557
0.802326
0.79664
0.798408
0.819332
0.786527
0.805506
0.806828
0.803681
0.792832
0.799107
0.80036
0.800718
0.811828
0.811765
0.79115
0.807588
0.792453
0.77701
0.806077
0.779199
0.803887
0.792219
0.803099
0.779514
0.789798
0.794014
0.8
0.795556
0.795234
0.790535
0.805054
0.806278
0.785714
0.810036
0.800893
0.808471
0.782946
0.79947
0.791851
0.80654
0.792863
0.789381
0.789982
0.799465
0.783831
0.80516
0.802536
0.806278
0.792586
0.794872
0.802326
0.798587
0.780786
0.823956
0.82461
0.793253
0.798605
0.806423
0.809955
0.788225
0.781142
0.795126
0.791741
0.789842
0.79982
0.782383
0.793566
0.8125
0.80543
0.805458
0.795234
0.798206
0.813001
0.793256
0.7844
0.80387
0.801425
0.817185
0.802347
0.804464
0.803235
0.80694
0.783406
0.794459
0.781086
0.804856
0.806798
0.781599
0.811989
0.809264
0.794872
0.788732
0.805531
0.801573
0.821818
0.80543
0.811052
0.810688
0.796444
0.808182
0.808917
0.822669
0.779438
0.801248
0.786842
0.817117
0.797872
0.800905
0.794643
0.803815
0.805357
0.789567
0.807414
0.799463
0.809397
0.809181
0.810081
0.80274
0.80516
0.801075
0.814208
0.788256
0.800358
0.815525
0.789146
0.790366
0.825368
0.782272
0.799822
0.79628
0.798415
0.808664
0.792502
0.807623
0.805903
0.808244
0.797662
0.81653
0.81295
0.798401
0.787986
0.809743
0.801237
0.809955
0.789381
0.79404
0.793805
0.810376
0.795633
0.809695
0.798387
0.824074
0.805903
0.800699
0.816473
0.797578
0.800177
0.79738
0.797178
0.801242
0.801259
0.805455
0.795474
0.797025
0.783217
0.780444
0.785217
0.814882
0.793497
0.8
0.819703
0.783406
0.822344
0.788732
0.809947
0.795474
0.788091
0.793833
0.80274
0.777778
0.794014
0.804639
0.823476
0.796713
0.801451
0.802513
0.80177
0.789292
0.811201
0.799632
0.803017
0.807623
0.796099
0.808811
0.816787
0.798051
0.775966
0.806394
0.795126
0.803763
0.799644
0.805581
0.79947
0.793679
0.811581
0.787102
0.805405
0.784899
0.789242
0.785968
0.797403
0.79517
0.799472
0.815813
0.808491
0.794014
0.789474
0.776
0.797345
0.790838
0.803004
0.794449
0.798415
0.808072
0.832583
0.803058
0.805808
0.807348
0.785589
0.817518
0.798401
0.813499
0.791373
0.788479
0.821461
0.793988
0.802513
0.809353
0.81205
0.787013
0.792185
0.782237
0.784348
0.821005
0.810762
0.80543
0.795775
0.797733
0.786914
0.810517
0.784777
0.785838
0.78603
0.805704
0.799103
0.789753
0.810081
0.796806
0.814682
0.792354
0.809395
0.794376
0.80177
0.807935
0.796263
0.783951
0.797153
0.800539
0.803381
0.798561
0.809264
0.803747
0.796429
0.794779
0.78553
0.803279
0.801623
0.785899
0.799822
0.810981
0.809991
0.80158
0.80708
0.798742
0.786026
0.794351
0.799115
0.795234
0.799824
0.798759
0.800175
0.798394
0.79615
0.789381
0.789798
0.814516
0.808917
0.790451
0.794144
0.78952
0.818266
0.795699
0.796117
0.802305
0.78882
0.797127
0.812004
0.808244
0.79615
0.809695
0.792354
0.810081
0.8
0.792672
0.806394
0.807554
0.797713
0.795276
0.794939
0.789104
0.794737
0.799647
0.812219
0.796959
0.789842
0.799645
0.79386
0.795737
0.808356
0.811151
0.789382
0.807002
0.778459
0.799468
0.806104
0.805957
0.81777
0.80181
0.791189
0.783217
0.799451
0.787905
0.77993
0.788194
0.783621
0.806306
0.802893
0.813849
0.798928
0.795075
0.811151
0.80427
0.79386
0.785841
0.791373
0.800725
0.791667
0.817446
0.801587
0.767382
0.805054
0.823853
0.801253
0.800534
0.813575
0.799822
0.797683
0.81991
0.795276
0.834264
0.800889
0.798401
0.785653
0.801231
0.800705
0.798051
0.808664
0.812274
0.810422
0.804856
0.813345
0.784832
0.80322
0.826642
0.820144
