0.821693
0.816993
0.798722
0.810877
0.816844
0.822222
0.808097
0.807103
0.803213
0.83236
0.81551
0.826303
0.811382
0.8267
0.818704
0.825083
0.827529
0.797448
0.801606
0.816844
0.826446
0.8229
0.803859
0.814694
0.826987
0.81551
0.821546
0.813008
0.817512
0.806947
0.823578
0.816694
0.82562
0.808907
0.824112
0.814845
0.790348
0.815661
0.821018
0.809061
0.798878
0.805645
0.825764
0.807754
0.794913
0.828216
0.822222
0.815876
0.807103
0.796813
0.826446
0.814996
0.819524
0.820871
0.824112
0.802896
0.818852
0.819524
0.824648
0.805645
0.81551
0.808407
0.822222
0.790348
0.81103
0.812042
0.808407
0.809061
0.813008
0.82713
0.800481
0.826987
0.814181
0.806947
0.814845
0.810373
0.829734
0.830283
0.821693
0.818182
0.809562
0.816993
0.806295
0.80241
0.818033
0.819524
0.813518
0.815876
0.813008
0.808907
0.823045
0.820871
0.803543
0.820345
0.801282
0.814694
0.816993
0.823578
0.825764
0.822222
0.811535
0.831947
0.803055
0.816176
0.818852
0.81551
0.812042
0.834028
0.791139
0.821399
0.831947
0.832639
0.814332
0.824402
0.812195
0.798722
0.800641
0.802251
0.803701
0.821782
0.819001
0.815661
0.820197
0.818555
0.821399
0.826987
0.818182
0.826987
0.805802
0.833751
0.809717
0.812042
0.809408
0.823578
0.810065
0.823287
0.831947
0.829187
0.804996
0.808097
0.818331
0.803859
0.813008
0.81103
0.83389
0.825476
0.804348
0.822368
0.8229
0.824938
0.830565
0.821929
0.820345
0.831947
0.835983
0.799679
0.805645
0.814181
0.795382
0.812195
0.814181
0.806139
0.812195
0.812195
0.827815
0.820345
0.812195
0.819001
0.816026
0.822754
0.822222
0.801123
0.792228
0.813518
0.81551
0.819001
0.805645
0.825764
0.805802
0.814996
0.829046
0.804348
0.819376
0.804505
0.808097
0.83682
0.820345
0.816993
0.80241
0.829734
0.799039
0.807103
0.812042
0.826987
0.8285
0.8229
0.822222
0.821399
0.796962
0.831115
0.815209
0.8
0.812348
0.818704
0.816393
0.813008
0.815359
0.820197
0.836547
0.806295
0.819524
0.839631
0.810219
0.814845
0.817661
0.822754
0.816176
0.823045
0.816694
0.830974
0.805645
0.805488
0.814542
0.813518
0.826303
0.806947
0.812195
0.812348
0.813366
0.808752
0.819672
0.818182
0.816327
0.818331
0.813518
0.824402
0.807599
0.810219
0.831255
0.812551
0.837248
0.79984
0.808097
0.814845
0.836683
0.823432
0.801447
0.816327
0.809408
0.811688
0.826159
0.795382
0.828333
0.825764
0.810877
0.806791
0.814391
0.824257
0.811535
0.807599
0.792857
0.822368
0.805645
0.830565
0.79984
0.817512
0.810065
0.806295
0.819524
0.813878
0.821546
0.834448
0.818852
0.823723
0.811382
0.806139
0.805802
0.813008
0.808097
0.809408
0.835983
0.814845
0.809061
0.818033
0.804505
0.816694
0.812042
0.826159
0.805802
0.831667
0.825764
0.819672
0.7984
0.819672
0.821693
0.820197
0.827672
0.825764
0.814845
0.8229
0.821546
0.806295
0.820197
0.816993
0.812195
0.831947
0.822368
0.811688
0.817661
0.811382
0.819672
0.810219
0.823045
0.803055
0.825764
0.819672
0.814332
0.829734
0.817661
0.821546
0.817512
0.821929
0.794281
0.809061
0.83389
0.809717
0.820197
0.801282
0.815209
0.803055
0.834586
0.805645
0.811229
0.801606
0.799361
0.783699
0.812856
0.813061
0.798722
0.7984
0.802251
0.838223
0.814181
0.823723
0.816176
0.811535
0.824938
0.821399
0.815661
0.817661
0.821018
0.812348
0.807599
0.816844
0.803055
0.808252
0.813008
0.816844
0.814029
0.824938
0.810877
0.780736
0.810219
0.816844
0.818555
0.811688
0.819524
0.834586
0.816393
0.820871
0.820345
0.806791
0.823578
0.809562
0.829187
0.819228
0.815359
0.803859
0.809717
0.816026
0.829187
0.810219
0.814332
0.808907
0.806139
0.817363
0.826446
0.808907
0.8285
0.816844
0.807754
0.804348
0.820345
0.804839
0.818852
0.814332
0.814181
0.7992
0.8229
0.810877
0.822076
0.829876
0.824402
0.827815
0.800321
0.806791
0.817661
0.819672
0.819672
0.7984
0.808407
0.816026
0.828358
0.8285
0.825476
0.825764
0.824257
0.814996
0.805488
0.820871
0.808907
0.799361
0.810373
0.815661
0.807443
0.814996
0.804505
0.821693
0.837521
0.814391
0.806452
0.817512
0.820724
0.812042
0.813366
0.810065
0.829876
0.797438
0.809408
0.819753
0.818182
0.816844
0.817884
0.825476
0.807599
0.799361
0.838655
0.805802
0.807443
0.818331
0.809061
0.828761
0.798722
0.825764
0.814181
0.826843
0.806295
0.820049
0.807754
0.819524
0.822076
0.819672
0.8229
0.796178
0.838926
0.823432
0.819001
0.819672
0.817661
0.823578
0.812042
0.81551
0.830974
0.820345
0.835983
0.814332
0.817213
0.801282
0.824257
0.8325
0.806947
0.836683
0.816176
0.806139
0.827815
0.813518
0.815876
0.806295
0.816327
0.823045
0.830424
0.808407
0.798561
0.812856
0.837521
0.817512
0.818555
0.825083
0.826987
0.823432
0.822368
0.803701
0.811688
0.824112
0.816844
0.816176
0.817363
0.816327
0.809717
0.801925
0.812195
0.801282
0.790642
0.823723
0.826446
0.811382
0.829593
0.821546
0.823723
0.813214
0.832639
0.816327
0.814845
0.820049
0.808252
0.797923
0.827243
0.822368
0.805153
0.837521
0.8229
0.83236
0.816844
0.811889
0.818182
0.818257
0.820049
0.802738
0.822222
0.829876
0.814332
0.810723
0.812195
0.806478
0.805153
0.810373
0.812195
0.804996
0.806947
0.820576
0.819001
0.82713
0.806947
0.83487
0.804505
0.818852
0.829046
0.831115
0.816327
0.796651
0.8
0.814391
0.824402
0.815661
0.820197
0.820197
0.825764
0.821546
0.82562
0.804348
0.827386
0.790974
0.802896
0.814181
0.816026
0.825764
0.807599
0.805645
0.826446
0.814845
0.804996
0.815661
0.81551
0.81367
0.820197
0.811688
0.829734
0.804348
0.834028
0.821929
0.799361
0.829046
0.818852
0.831807
0.813518
0.807942
0.803055
0.822076
0.825764
0.83389
0.821693
0.82562
0.818182
0.816327
0.808407
0.812856
0.819376
0.812042
0.826987
0.801282
0.834586
0.812856
0.824938
0.827815
0.811229
0.817661
0.826446
0.791435
0.821546
0.828358
0.811535
0.807103
0.837815
0.813214
0.825764
0.823045
0.826159
0.834586
0.817884
0.796813
0.811688
0.81367
0.817512
0.807443
0.816176
0.830974
0.81103
0.823045
0.811535
0.82562
0.848176
0.824938
0.814029
0.816176
0.813518
0.834448
0.840336
0.812704
0.798722
0.819605
0.805488
0.80241
0.803055
0.831255
0.803701
0.805488
0.81367
0.810723
0.828216
0.817661
0.79984
0.804839
0.816844
0.816993
0.81551
0.81367
0.809717
0.814181
0.81103
0.820871
0.808752
0.812195
0.822222
0.83612
0.805645
0.811688
0.806139
0.818555
0.805153
0.818331
0.82713
0.802896
0.786446
0.81367
0.798085
0.835146
0.823045
0.812195
0.831255
0.824257
0.803213
0.810219
0.804348
0.812348
0.830424
0.819524
0.821252
0.816327
0.815661
0.808752
0.8285
0.79984
0.81367
0.835983
0.811382
0.825083
0.802896
0.821018
0.814996
0.823723
0.814845
0.81103
0.814845
0.805153
0.827815
0.810219
0.807443
0.819524
0.831115
0.821693
0.821546
0.82713
0.806634
0.805802
0.812195
0.83236
0.812704
0.821693
0.822368
0.817512
0.821693
0.820197
0.811382
0.811889
0.823723
0.822076
0.813366
0.833194
0.815661
0.819001
0.814181
0.805802
0.801606
0.812551
0.837385
0.810219
0.819001
0.816026
0.836975
0.800963
0.839226
0.812348
0.826159
0.820345
0.803859
0.814996
0.837521
0.817512
0.814029
0.809717
0.826159
0.804505
0.833055
0.813008
0.816844
0.802896
0.802251
0.818331
0.812704
0.821018
0.823045
0.825083
0.836547
0.813725
0.810373
0.797762
0.808252
0.823432
0.814845
0.810723
0.818331
0.804348
0.814029
0.81103
0.820049
0.83208
0.81367
0.824938
0.837521
0.831667
0.837815
0.802896
0.799039
0.809061
0.821018
0.810065
0.825764
0.809562
0.814996
0.791601
0.807443
0.82562
0.8229
0.806295
0.789557
0.813008
0.811535
0.838384
0.808752
0.824112
0.824938
0.818852
0.80419
0.818182
0.817363
0.809061
0.805982
0.817363
0.806947
0.829734
0.813008
0.827672
0.810723
0.815359
0.824402
0.812856
0.803701
0.827672
0.813518
0.817512
0.817661
0.816327
0.827815
0.818852
0.826987
0.809562
0.809717
0.806452
0.829046
0.81551
0.820049
0.809717
0.807599
0.816993
0.806295
0.807599
0.826446
0.812195
0.826987
0.796813
0.814996
0.819901
0.804681
0.805153
0.821399
0.824257
0.832639
0.830424
0.805488
0.818182
0.812856
0.825764
0.818852
0.822222
0.826446
0.818182
0.822368
0.811688
0.819524
0.807599
0.817661
0.829876
0.804505
0.807443
0.810065
0.820724
0.817363
0.828216
0.818852
0.818852
0.804032
0.809717
0.8229
0.809061
0.809061
0.822461
0.813008
0.813366
0.819228
0.8325
0.824402
0.8229
0.823723
0.805153
0.809408
0.81103
0.818331
0.819524
0.816844
0.798561
0.808407
0.821546
0.810877
0.803701
0.833055
0.82562
0.8285
0.823578
0.834448
0.818182
0.801925
0.813878
0.807754
0.814694
0.82713
0.820871
0.815359
0.835422
0.806947
0.818331
0.815661
0.834448
0.819001
0.812042
0.803384
0.823432
0.796813
0.814181
0.813518
0.80241
0.818852
0.816844
0.828904
0.807103
0.807754
0.817734
0.808252
0.816327
0.806947
0.804505
0.812195
0.806452
0.819001
0.817661
0.807599
0.819001
0.831947
0.810723
0.823578
0.827672
0.796651
0.813366
0.807942
0.824938
0.837521
0.816993
0.818182
0.805802
0.817512
0.815359
0.826015
0.807287
0.808907
0.814845
0.812195
0.806947
0.814181
0.806452
0.795853
0.803701
0.811535
0.824938
0.824648
0.817512
0.821546
0.821546
0.819001
0.820049
0.826303
0.808407
0.800481
0.797923
0.815359
0.823578
0.826843
0.825764
0.824793
0.803859
0.821546
0.816176
0.823045
0.819001
0.813518
0.809562
0.8229
0.827672
0.815661
0.841043
0.816993
0.799361
0.806452
0.818182
0.825083
0.823578
0.816993
0.801123
0.816026
0.812856
0.829734
0.814845
0.823967
0.818331
0.810373
0.810373
0.817661
0.81367
0.820345
0.818852
0.816176
0.822076
0.816993
0.831255
0.811889
0.812856
0.810219
0.820724
0.815057
0.817213
0.820197
0.823045
0.818704
0.810219
0.816844
0.803859
0.828904
0.813008
0.820197
0.805153
0.831947
0.80241
0.814694
0.820197
0.811688
0.825083
0.810373
0.826987
0.828358
0.824402
0.8229
0.823723
0.806139
0.827243
0.816993
0.826987
0.81103
0.817661
0.818331
0.803055
0.823578
0.809717
0.827672
0.812856
0.824402
0.804505
0.8229
0.822754
0.809061
0.809562
0.82713
0.816026
0.819672
0.809061
0.830424
0.801766
0.810373
0.807754
0.818182
0.838087
0.806452
0.819376
0.812195
0.826987
0.805153
0.80419
0.823723
0.803701
0.805802
0.821018
0.818852
0.815661
0.815661
0.8
0.79984
0.817512
0.819524
0.805802
0.814845
0.832639
0.810877
0.820197
0.810219
0.80241
0.829046
0.824112
0.803859
0.820197
0.821018
0.820871
0.800481
0.8229
0.809601
0.822368
0.816327
0.821018
0.825083
0.820871
0.816026
0.815876
0.801925
0.822076
0.825764
0.805153
0.811535
0.822368
0.826303
0.827386
0.824938
0.826987
0.829734
0.802568
0.814694
0.816844
0.821693
0.806295
0.803701
0.823723
0.786782
0.801925
0.805488
0.815876
0.826843
0.794281
0.820197
0.81103
0.835146
0.820049
0.822222
0.822368
0.814181
0.813366
0.800641
0.811535
0.831255
0.822368
0.813518
0.818331
0.829734
0.831115
0.798722
0.820345
0.820345
0.828216
0.807103
0.810065
0.823967
0.829046
0.808252
0.825476
0.813366
0.824257
0.828904
0.826446
0.824793
0.814996
0.820345
0.829593
0.8285
0.816176
0.821546
0.805488
0.81367
0.796016
0.818182
0.816844
0.8267
0.816993
0.825083
0.8229
0.793487
0.807443
0.835983
0.790348
0.817884
0.801766
0.822994
0.800643
0.803701
0.818257
0.806634
0.81551
0.826446
0.809562
0.823578
0.822754
0.817213
0.819672
0.829187
0.816844
0.816694
0.828216
0.838087
0.823821
0.831115
0.805645
0.828761
0.803701
0.811535
0.7992
0.826159
0.814029
0.813518
0.814332
0.807103
0.804996
0.804348
0.819901
0.816844
0.831947
0.823045
0.82562
0.819524
0.794749
0.804505
0.797287
0.811736
0.818331
0.829593
0.824402
0.823287
0.810373
0.803055
0.814996
0.837951
0.820871
0.800641
0.791139
0.840067
0.829734
0.822607
0.816993
0.813008
0.823045
0.822222
0.826303
0.811382
0.81367
0.812042
0.818182
0.816844
0.830424
0.817213
0.824938
0.806634
0.810219
0.801932
0.81551
0.8229
0.815661
0.818331
0.790974
0.816327
0.817363
0.8229
0.819524
0.815661
0.824503
0.823287
0.816026
0.821546
0.7992
0.822222
0.807443
0.825764
0.820871
0.829734
0.8
0.818331
0.811382
0.837385
0.814996
0.812195
0.807599
0.823723
0.807942
0.816176
0.825764
0.825331
0.818033
0.820724
0.824257
0.818033
0.831115
0.80241
0.826446
0.813518
0.819376
0.820197
0.807103
0.828904
0.797287
0.829046
0.828358
0.824648
0.819672
0.824257
0.820197
0.825764
0.817512
0.823723
0.810415
0.819672
0.81103
0.815661
0.825083
0.829876
0.823045
0.824503
0.821546
0.820049
0.810373
0.7992
0.837248
0.81103
0.794913
0.806139
0.806791
0.821399
0.826159
0.815661
0.831807
0.814996
0.802251
0.815661
0.830283
0.824938
0.808407
0.805488
0.825764
0.819524
0.804348
0.810065
0.812856
0.806947
0.813878
0.821546
0.803213
0.815359
0.82562
0.823723
0.823967
0.814332
0.819524
0.807287
0.813878
0.816026
0.811535
0.816993
0.814181
0.822368
0.808407
0.820345
0.800481
0.808407
0.804505
0.812195
0.824938
0.816026
0.825083
0.807599
0.806295
0.809061
0.824402
0.819672
0.822368
0.823578
0.821693
0.809408
0.828073
0.821693
0.810877
0.818704
0.804996
0.819001
0.812704
0.823287
0.818852
0.800641
0.828358
0.824793
0.804505
0.803859
0.807443
0.810219
0.811229
0.823578
0.808752
0.804505
0.813725
0.817512
0.823287
0.818033
0.834028
0.816544
0.822076
0.83389
0.800641
0.819672
0.809562
0.808252
0.801925
0.835146
0.816327
0.816694
0.845047
0.808907
0.816844
0.821546
0.822754
0.829309
0.826303
0.816844
0.823578
0.817661
0.825083
0.809061
0.805488
0.824112
0.794749
0.806947
0.8229
0.814845
0.814996
0.812856
0.824402
0.830565
0.804839
0.829734
0.81551
0.820197
0.812348
0.801282
0.818182
0.812195
0.814996
0.812042
0.814845
0.806947
0.825083
0.831386
0.807287
0.824793
0.807754
0.813518
0.816327
0.829734
0.818331
0.801925
0.805645
0.807599
0.801123
0.822222
0.801766
0.79984
0.814845
0.809717
0.790514
0.817363
0.817512
0.801447
0.820345
0.807103
0.817363
0.79984
0.834586
0.811229
0.818033
0.816176
0.816327
0.833333
0.836547
0.80241
0.821018
0.816844
0.805331
0.807103
0.806295
0.801925
0.802092
0.810723
0.809717
0.808252
0.812042
0.812856
0.823578
0.810219
0.808907
0.822368
0.812551
0.789266
0.811688
0.821018
0.825476
0.806452
0.811382
0.807103
0.824793
0.818331
0.816993
0.825764
0.797923
0.797923
0.814996
0.814996
0.804505
0.824938
0.830565
0.825764
0.814181
0.813008
0.819228
0.840336
0.822754
0.812348
0.826159
0.821018
0.814845
0.826987
0.808252
0.792693
0.815876
0.801766
0.819524
0.829046
0.81367
0.831947
0.816327
0.801766
0.829046
0.801606
0.808407
0.81103
0.807754
0.806947
0.818704
0.809253
0.800641
0.809061
0.826159
0.824793
0.810219
0.816327
0.842194
0.817661
0.816327
0.837385
0.806295
0.819524
0.809061
0.820345
0.809061
0.817512
0.815661
0.818107
0.804348
0.798561
0.824257
0.816993
0.819901
0.798561
0.83389
0.834028
0.812704
0.82562
0.823723
0.819001
0.823045
0.821018
0.81103
0.816694
0.826446
0.799679
0.823432
0.802251
0.813518
0.809562
0.810723
0.810877
0.797923
0.807754
0.82713
0.818852
0.817661
0.82713
0.811382
0.811382
0.822754
0.8229
0.835422
0.818182
0.814332
0.825764
0.815661
0.824938
0.804996
0.816026
0.817512
0.798085
0.815725
0.803213
0.83682
0.84317
0.814332
0.820345
0.823578
0.826446
0.808752
0.797448
0.801282
0.825764
0.804996
0.813725
0.818331
0.804839
0.809717
0.806452
0.831947
0.813518
0.812856
0.811688
0.803874
0.829187
0.81551
0.810373
0.816694
0.808407
0.800161
0.823967
0.81367
0.823723
0.815661
0.803701
0.810219
0.814845
0.828761
0.829187
0.829734
0.819376
0.802568
0.839631
0.814542
0.810219
0.808597
0.813518
0.815209
0.814029
0.813008
0.816993
0.800481
0.832639
0.81367
0.812856
0.825764
0.81103
0.8285
0.824257
0.819672
0.808252
0.797448
0.812348
0.816176
0.804839
0.808252
0.806139
0.812348
0.8285
0.816176
0.829876
0.802568
0.805802
0.822076
0.814542
0.819524
0.811229
0.826303
0.81103
0.822368
0.819672
0.814845
0.816694
0.801282
0.812195
0.824503
0.828358
0.806947
0.801123
0.819524
0.818331
0.813008
0.804681
0.82713
0.83682
0.826303
0.820724
0.810723
0.810723
0.829734
0.820049
0.812856
0.816176
0.817661
0.834586
0.805802
0.830565
0.806947
0.815359
0.829046
0.804505
0.818852
0.81103
0.816993
0.823045
0.823578
0.826987
0.807754
0.809562
0.830833
0.821399
0.83682
0.825083
0.819001
0.817512
0.823045
0.821546
0.81103
0.822368
0.800963
0.809562
0.811688
0.808097
0.814845
0.807599
0.792857
0.825764
0.812042
0.812704
0.822222
0.819079
0.807103
0.825083
0.810569
0.804996
0.814996
0.814996
0.823045
0.810065
0.82713
0.808907
0.837521
0.828216
0.825083
0.808252
0.810373
0.808252
0.806452
0.807942
0.814332
0.813008
0.812348
0.824938
0.812856
0.821693
0.826987
0.829046
0.811535
0.817512
0.810723
0.828358
0.833194
0.819524
0.821546
0.830565
0.818704
0.810219
0.808252
0.819672
0.819753
0.817213
0.816327
0.82713
0.813725
0.816694
0.808252
0.823045
0.84635
0.813518
0.814694
0.812042
0.803859
0.805488
0.819001
0.809061
0.814845
0.810373
0.819376
0.807287
0.814845
0.812348
0.807443
0.824402
0.805802
0.820197
0.816993
0.799361
0.816393
0.816844
0.817884
0.819001
0.812195
0.816844
0.835983
0.815876
0.805802
0.816544
0.81551
0.820049
0.824793
0.829593
0.825083
0.806634
0.820345
0.8229
0.812704
0.814181
0.818852
0.810723
0.803859
0.814996
0.811688
0.805802
0.802251
0.831115
0.815725
0.810065
0.807599
0.811535
0.807599
0.818182
0.801766
0.818852
0.823287
0.795545
0.814181
0.824938
0.824503
0.818331
0.821018
0.8325
0.800803
0.813214
0.816694
0.823045
0.810219
0.827815
0.818331
0.819001
0.818852
0.8229
0.839496
0.828216
0.830283
0.818704
0.825764
0.793487
0.822076
0.818704
0.813518
0.818182
0.816993
0.827815
0.804996
0.809061
0.817884
0.811382
0.819672
0.829187
0.820576
0.817363
0.818704
0.819001
0.820871
0.811889
0.831255
0.816327
0.811382
0.84661
0.821693
0.816544
0.804348
0.824402
0.808407
0.822222
0.814845
0.818704
0.820871
0.790642
0.821018
0.832639
0.821399
0.812195
0.829187
0.815209
0.804348
0.826303
0.802568
0.818852
0.816176
0.813518
0.817512
0.816327
0.815661
0.829734
0.808907
0.816176
0.81103
0.825764
0.830565
0.804505
0.816993
0.821546
0.818331
0.803859
0.817661
0.808097
0.826987
0.826303
0.811382
0.810373
0.818852
0.815661
0.815359
0.819001
0.808407
0.81367
0.812195
0.823432
0.837521
0.806295
0.817661
0.824402
0.81367
0.816026
0.823578
0.799361
0.802568
0.806947
0.842327
0.820197
0.813214
0.819376
0.803213
0.806295
0.809562
0.816176
0.806295
0.809717
0.82713
0.805982
0.816026
0.818182
0.835708
0.805802
0.826987
0.810723
0.820576
0.812348
0.801282
0.821018
0.817661
0.813008
0.811382
0.802251
0.818331
0.830565
0.813008
0.812856
0.810219
0.821546
0.8325
0.821693
0.84246
0.818331
0.827815
0.815574
0.805645
0.821693
0.829593
0.819524
0.810877
0.835284
0.808252
0.819001
0.803213
0.818182
0.812042
0.800803
0.82713
0.8285
0.828073
0.821693
0.830142
0.802568
0.822368
0.805153
0.831947
0.811688
0.825764
0.808252
0.819376
0.806452
0.831947
0.838223
0.811688
0.823045
0.8285
0.826446
0.800641
0.834586
0.795056
0.810373
0.808752
0.825186
0.830424
0.808407
0.805645
0.815359
0.796651
0.807287
0.813518
0.806295
0.810723
0.830565
0.7992
0.820197
0.819001
0.820197
0.801606
0.820871
0.814845
0.817512
0.801766
0.811535
0.825083
0.80241
0.804505
0.815359
0.821546
0.803859
0.83236
0.821693
0.816844
0.818331
0.814391
0.824257
0.816026
0.818033
0.807103
0.818704
0.823045
0.811382
0.816327
0.820724
0.824257
0.823578
0.812195
0.819524
0.810569
0.802568
0.786782
0.814332
0.81103
0.842194
0.81551
0.806478
0.812551
0.794281
0.799361
0.845309
0.795545
0.838087
0.806295
0.835422
0.800803
0.80241
0.817512
0.799039
0.81367
0.81367
0.807599
0.801123
0.815661
0.811535
0.816026
0.825476
0.829734
0.815661
0.83389
0.81103
0.812042
0.808407
0.810877
0.801123
0.812042
0.81367
0.809562
0.819001
0.794586
0.82562
0.807103
0.818182
0.817884
0.810877
0.807599
0.816844
0.807287
0.835983
0.817512
0.805645
0.814845
0.801123
0.812042
0.826987
0.82713
0.814029
0.804505
0.82562
0.83389
0.812195
0.810373
0.803055
0.828358
0.829187
0.821693
0.820871
0.827815
0.796488
0.827672
0.820197
0.813214
0.818331
0.805802
0.809408
0.817213
0.829187
0.81551
0.81103
0.826303
0.830424
0.809562
0.818331
0.827529
0.821693
0.816327
0.82562
0.80419
0.814181
0.817512
0.811535
0.7992
0.821693
0.813366
0.818033
0.806791
0.813518
0.821546
0.809717
0.806295
0.815661
0.807599
0.829593
0.823723
0.807103
0.809061
0.803213
0.818182
0.814845
0.823432
0.823045
0.8229
0.823578
0.820049
0.833055
0.798722
0.809061
0.810373
0.809717
0.794586
0.837521
0.821399
0.821546
0.804348
0.818704
0.811688
0.802251
0.813878
0.80419
0.807103
0.7992
0.812348
0.827672
0.818182
0.821693
0.803543
0.804681
0.823432
0.82562
0.811688
0.827529
0.810373
0.809061
0.803213
0.827672
0.814332
0.818704
0.824257
0.805488
0.820871
0.829046
0.810373
0.808407
0.825476
0.82713
0.815661
0.822754
0.821252
0.833194
0.836683
0.814996
0.826159
0.831947
0.807103
0.81551
0.818704
0.818331
0.819376
0.833194
0.826987
0.798085
0.818182
0.810373
0.817661
0.832776
0.809717
0.818852
0.830424
0.816694
0.806791
0.807599
0.809911
0.817661
0.803055
0.821546
0.812856
0.816844
0.812348
0.809408
0.812348
0.826987
0.807103
0.806139
0.826303
0.817363
0.818406
0.804681
0.815209
0.814996
0.833333
0.816844
0.809253
0.81551
0.799039
0.805645
0.7992
0.820197
0.820871
0.820724
0.827529
0.825764
0.804505
0.810373
0.81103
0.813518
0.807599
0.8267
0.821693
0.809717
0.808752
0.822368
0.834028
0.797448
0.822076
0.811535
0.834586
0.826446
0.826446
0.816026
0.829876
0.817213
0.801766
0.800321
0.813366
0.823432
0.812551
0.808907
0.800803
0.792693
0.814996
0.814332
0.814181
0.810723
0.816327
0.823578
0.819376
0.812348
0.809562
0.819001
0.826987
0.827672
0.816176
0.80241
0.797287
0.818331
0.808097
0.813008
0.808407
0.808752
0.813214
0.794913
0.828904
0.811382
0.799039
0.829876
0.809061
0.804505
0.808907
0.816993
0.823045
0.806791
0.806452
0.800641
0.817661
0.826446
0.82562
0.820049
0.808597
0.812704
0.809717
0.817512
0.813573
0.826446
0.811688
0.788933
0.826303
0.816844
0.816993
0.820345
0.816327
0.818852
0.805982
0.812195
0.818182
0.832639
0.803701
0.825083
0.799361
0.813008
0.804505
0.812195
0.822222
0.813366
0.824112
0.808097
0.815359
0.835422
0.801123
0.829187
0.81367
0.805982
0.810373
0.806791
0.803859
0.814845
0.821693
0.815661
0.810373
0.806295
0.809562
0.821018
0.799039
0.815876
0.829046
0.806947
0.812856
0.816844
0.829876
0.829734
0.81103
0.802568
0.819524
0.824793
0.831807
0.814181
0.817363
0.817734
0.826303
0.809562
0.796813
0.818331
0.833751
0.845178
0.805488
0.830424
0.823723
0.824257
0.8229
0.821693
0.820576
0.81551
0.825764
0.806791
0.823432
0.820197
0.812042
0.821252
0.82562
0.819001
0.814181
0.816844
0.800963
0.823287
0.822368
0.827672
0.841043
0.814996
0.802568
0.816327
0.810219
0.818331
0.817363
0.806295
0.829734
0.818182
0.839361
0.813061
0.813518
0.815876
0.812348
0.817661
0.805802
0.794118
0.821546
0.81103
0.803859
0.829876
0.810877
0.820197
0.810065
0.818331
0.817363
0.810065
0.826446
0.808097
0.81103
0.805802
0.827386
0.814181
0.817363
0.791766
0.841484
0.820197
0.812856
0.814845
0.817363
0.820197
0.810065
0.819524
0.830283
0.814542
0.81367
0.825764
0.821693
0.798722
0.800481
0.818033
0.808907
0.828358
0.805645
0.811688
0.804505
0.812042
0.814694
0.809408
0.833333
0.831807
0.819001
0.808407
0.808252
0.797448
0.790514
0.814845
0.805645
0.805153
0.808752
0.818852
0.825476
0.804996
0.796651
0.835422
0.803213
0.809061
0.835284
0.823723
0.819376
0.807599
0.826446
0.828216
0.829451
0.810877
0.816026
0.82793
0.814694
0.817661
0.817363
0.816844
0.802251
0.81551
0.805331
0.804348
0.818331
0.825764
0.838223
0.821399
0.806295
0.815057
0.821018
0.806452
0.835846
0.811382
0.814542
0.813518
0.81551
0.810219
0.835983
0.824938
0.827815
0.819524
0.805982
0.817661
0.817363
0.813366
0.81551
0.824402
0.807103
0.802896
0.813214
0.813518
0.823432
0.84317
0.818331
0.814996
0.812348
0.820871
0.819524
0.812348
0.829046
0.838087
0.819672
0.818331
0.807443
0.798561
0.82562
0.823045
0.836683
0.821546
0.818852
0.823287
0.814845
0.832639
0.7984
0.833333
0.821018
0.821546
0.808407
0.806452
0.8229
0.796962
0.812704
0.810877
0.810877
0.83389
0.830424
0.809562
0.826303
0.812551
0.829167
0.814181
0.816844
0.82562
0.826446
0.809717
0.795527
0.81367
0.830424
0.828358
0.84246
0.808752
0.829876
0.826987
0.819524
0.80241
0.803213
0.811688
0.827815
0.816176
0.805802
0.847918
0.799361
0.810569
0.825764
0.810723
0.803384
0.813008
0.825476
0.819001
0.804505
0.804348
0.827672
0.817512
0.803859
0.801606
0.817512
0.809408
0.811688
0.818704
0.807103
0.806452
0.834725
0.820871
0.838926
0.801925
0.823723
0.805802
0.818852
0.823432
0.812348
0.812856
0.81103
0.800321
0.815661
0.824793
0.821252
0.822368
0.814029
0.81367
0.817512
0.81551
0.81551
0.816026
0.8285
0.824402
0.804996
0.808097
0.827672
0.820871
0.813061
0.816327
0.805802
0.816327
0.811535
0.793323
0.824402
0.817363
0.820197
0.794281
0.830283
0.820197
0.837521
0.806295
0.806791
0.814181
0.814029
0.809562
0.786446
0.801123
0.82713
0.807287
0.824938
0.801925
0.822368
0.808752
0.830424
0.820724
0.83612
0.823578
0.803213
0.804996
0.812348
0.822076
0.79984
0.830565
0.820724
0.828358
0.805802
0.814996
0.817512
0.792393
0.817512
0.822368
0.824793
0.814845
0.803859
0.814694
0.816176
0.824402
0.831667
0.813518
0.801606
0.823432
0.820197
0.833055
0.812348
0.816176
0.838087
0.828358
0.815661
0.803543
0.831947
0.808407
0.809717
0.822076
0.823432
0.828358
0.82713
0.809562
0.809717
0.824402
0.829876
0.820871
0.793651
0.796016
0.804996
0.824938
0.804996
0.819524
0.815661
0.816544
0.800481
0.818331
0.820197
0.839631
0.819524
0.831947
0.803213
0.816327
0.81103
0.814996
0.803701
0.819672
0.810219
0.822368
0.818182
0.806791
0.806295
0.811535
0.819001
0.811688
0.810723
0.816176
0.819001
0.814332
0.809061
0.815359
0.8229
0.814845
0.826303
0.826015
0.814845
0.812348
0.835146
0.816176
0.808097
0.841043
0.805153
0.820724
0.823578
0.809911
0.829876
0.816393
0.80241
0.817661
0.811535
0.812856
0.821693
0.816026
0.814181
0.808907
0.805802
0.808752
0.8229
0.814845
0.82562
0.83612
0.805645
0.80419
0.826446
0.845309
0.812856
0.842905
0.829187
0.8285
0.820871
0.818331
0.823045
0.816993
0.81367
0.808407
0.810065
0.807754
0.804839
0.83389
0.801606
0.819228
0.810219
0.822076
0.810219
0.826159
0.816844
0.805153
0.831947
0.8285
0.800161
0.826843
0.811382
0.813008
0.817884
0.792228
0.816993
0.821018
0.822076
0.816176
0.824793
0.820197
0.822368
0.810877
0.820049
0.823967
0.804681
0.822222
0.824938
0.814181
0.832639
0.818331
0.808597
0.827815
0.820871
0.833612
0.805802
0.825476
0.805153
0.820197
0.816694
0.8229
0.819524
0.819672
0.820345
0.801766
0.830565
0.829046
0.807942
0.790348
0.827672
0.808407
0.805645
0.823045
0.811688
0.814332
0.830424
0.823578
0.81367
0.808407
0.812042
0.809562
0.831115
0.826987
0.809562
0.825083
0.809562
0.829876
0.805488
0.810877
0.830283
0.8229
0.799679
0.824793
0.831807
0.829187
0.817512
0.820724
0.817661
0.805153
0.827672
0.817884
0.813366
0.809408
0.833194
0.824402
0.805645
0.830974
0.84246
0.813008
0.814996
0.825764
0.81551
0.826159
0.831947
0.835846
0.819672
0.810877
0.832916
0.819672
0.805645
0.811688
0.808407
0.811688
0.816844
0.822222
0.824257
0.810219
0.82562
0.80241
0.83431
0.810723
0.801123
0.820197
0.82562
0.816327
0.8285
0.825476
0.805802
0.821693
0.82713
0.801925
0.80419
0.817661
0.810065
0.810219
0.812856
0.826843
0.804996
0.825476
0.819079
0.818331
0.827815
0.81103
0.834725
0.818182
0.814542
0.814332
0.818182
0.813008
0.834448
0.805488
0.810877
0.815661
0.816026
0.829187
0.811535
0.806295
0.79984
0.816694
0.833751
0.832639
0.82713
0.81103
0.812856
0.821693
0.801925
0.802568
0.834586
0.800641
0.812348
0.814181
0.820049
0.814181
0.823723
0.811535
0.823578
0.826446
0.828358
0.816993
0.806452
0.835846
0.805802
0.823723
0.825764
0.827529
0.816327
0.800963
0.809562
0.808407
0.804839
0.816694
0.821693
0.829187
0.807754
0.811382
0.816327
0.808907
0.808907
0.814694
0.816176
0.808752
0.794118
0.8229
0.818852
0.822368
0.809717
0.814996
0.815661
0.802896
0.824938
0.820197
0.813008
0.808097
0.812348
0.811688
0.83389
0.803543
0.805645
0.827815
0.826987
0.812348
0.794281
0.81551
0.814694
0.828761
0.826303
0.819376
0.827815
0.823723
0.824112
0.810877
0.810065
0.827529
0.803543
0.816176
0.801123
0.804348
0.816327
0.82713
0.82562
0.8325
0.819672
0.796651
0.810373
0.847458
0.81551
0.826015
0.818182
0.808407
0.811535
0.8325
0.820724
0.824257
0.801766
0.821018
0.807599
0.821693
0.808097
0.818704
0.820871
0.834028
0.811688
0.804348
0.804996
0.806947
0.821018
0.824257
0.824938
0.813008
0.822222
0.824938
0.835284
0.8325
0.826843
0.839226
0.815661
0.814845
0.804348
0.825476
0.834028
0.822754
0.821018
0.808907
0.803701
0.828216
0.808407
0.822222
0.8229
0.824257
0.803701
0.839361
0.817213
0.820345
0.821399
0.815359
0.8229
0.797287
0.817512
0.81367
0.82562
0.810065
0.8285
0.814181
0.829593
0.808907
0.804348
0.837112
0.810219
0.811688
0.820049
0.824938
0.813518
0.81551
0.808597
0.816993
0.821252
0.8229
0.820724
0.814694
0.824257
0.807599
0.808407
0.822222
0.803859
0.816176
0.823432
0.819672
0.829046
0.812042
0.811535
0.816176
0.801123
0.816327
0.810065
0.811688
0.823432
0.790514
0.803701
0.826446
0.820197
0.820197
0.811535
0.807754
0.820197
0.81551
0.819001
0.812195
0.8285
0.826303
0.823578
0.825083
0.814845
0.812704
0.812551
0.807103
0.814845
0.812348
0.821693
0.829876
0.830974
0.807103
0.806295
0.81551
0.819672
0.824938
0.800963
0.821018
0.819001
0.817512
0.812856
0.831947
0.819672
0.819001
0.826303
0.818852
0.825083
0.831255
0.826446
0.835146
0.82562
0.8229
0.811382
0.804996
0.829734
0.819001
0.834725
0.800641
0.81551
0.805488
0.80419
0.818704
0.820049
0.812856
0.809061
0.808407
0.788644
0.81551
0.816176
0.813366
0.812348
0.794586
0.820049
0.821399
0.807942
0.828358
0.819001
0.808907
0.814996
0.845178
0.814996
0.821693
0.806295
0.815661
0.826159
0.830974
0.806295
0.820197
0.820345
0.807942
0.799361
0.831807
0.814845
0.826987
0.812195
0.81367
0.809717
0.812195
0.808907
0.818555
0.805802
0.823045
0.822368
0.812856
0.819228
0.821693
0.814996
0.819376
0.804996
0.812704
0.833194
0.831255
0.799519
0.820197
0.806452
0.811382
0.812195
0.826446
0.818555
0.815661
0.831386
0.825476
0.824112
0.829046
0.823045
0.821399
0.811688
0.825186
0.806139
0.812856
0.800641
0.807754
0.819001
0.803701
0.812704
0.822607
0.805802
0.816694
0.807754
0.822754
0.82713
0.822076
0.817661
0.811382
0.826987
0.800481
0.824402
0.826446
0.804348
0.827672
0.813518
0.823723
0.823723
0.818182
0.813366
0.816694
0.84317
0.812348
0.814542
0.820871
0.807103
0.830424
0.816844
0.808407
0.81367
0.804996
0.823578
0.797448
0.813008
0.818182
0.827815
0.819672
0.823578
0.822368
0.834028
0.810065
0.807599
0.816993
0.813366
0.809717
0.829876
0.826303
0.816993
0.805153
0.825764
0.803384
0.806452
0.814845
0.8325
0.821693
0.818182
0.814181
0.818852
0.831115
0.81551
0.80241
0.813008
0.822222
0.797438
0.815661
0.811688
0.817512
0.802568
0.810877
0.820049
0.826446
0.799039
0.811535
0.81551
0.805645
0.811535
0.800641
0.803055
0.820197
0.828358
0.802568
0.810877
0.823723
0.803701
0.81551
0.821399
0.814542
0.810373
0.822368
0.812042
0.806452
0.831667
0.809717
0.818704
0.801766
0.812704
0.825083
0.817884
0.808752
0.808407
0.807103
0.830974
0.812856
0.812704
0.810219
0.824112
0.832639
0.818331
0.798722
0.806452
0.818704
0.819001
0.806452
0.805153
0.809562
0.818033
0.810373
0.810373
0.83682
0.818852
0.809061
0.821546
0.818704
0.797448
0.804996
0.801766
0.810877
0.817512
0.814332
0.800481
0.811535
0.816176
0.826987
0.829593
0.803055
0.807103
0.835284
0.822368
0.822222
0.813518
0.805802
0.822368
0.821546
0.825764
0.831255
0.818331
0.805331
0.805488
0.8325
0.807754
0.823045
0.82713
0.805802
0.821693
0.790514
0.810877
0.824257
0.816993
0.819079
0.822754
0.816993
0.830424
0.788477
0.81103
0.812551
0.817363
0.806634
0.828358
0.823723
0.805982
0.810373
0.809098
0.818182
0.814181
0.814391
0.812042
0.822368
0.820049
0.81367
0.829876
0.8285
0.813518
0.812398
0.823723
0.821018
0.825476
0.813008
0.813008
0.825476
0.819001
0.846024
0.815359
0.805802
0.820345
0.807599
0.816327
0.814996
0.83612
0.814181
0.814029
0.808597
0.813008
0.810065
0.837521
0.820871
0.802251
0.828904
0.808907
0.814181
0.818852
0.818852
0.818033
0.814996
0.82713
0.810877
0.810065
0.81103
0.792528
0.815209
0.818331
0.818182
0.823578
0.812704
0.817661
0.820871
0.823723
0.800803
0.815661
0.83682
0.810373
0.819376
0.830565
0.810723
0.809061
0.809717
0.812042
0.803543
0.821546
0.829734
0.819672
0.809061
0.822368
0.823578
0.812704
0.808407
0.819001
0.814332
0.810723
0.8285
0.804996
0.810373
0.829876
0.820345
0.803701
0.823045
0.813008
0.830424
0.808907
0.810219
0.820345
0.817661
0.823045
0.815661
0.81551
0.800481
0.826987
0.825764
0.819376
0.814996
0.828904
0.801606
0.800641
0.83612
0.81551
0.813878
0.819672
0.830283
0.812348
0.826159
0.819672
0.810373
0.821018
0.812042
0.821018
0.813878
0.811688
0.836547
0.823432
0.838655
0.825764
0.819001
0.814845
0.813366
0.816026
0.816026
0.820049
0.807599
0.835983
0.832776
0.81103
0.830424
0.824648
0.816993
0.815661
0.810373
0.784314
0.826303
0.834028
0.828073
0.818852
0.831807
0.81103
0.823045
0.835422
0.809717
0.81367
0.822222
0.808442
0.817661
0.806139
0.817884
0.810877
0.816327
0.83612
0.823723
0.824402
0.816694
0.820345
0.810373
0.81103
0.817512
0.819901
0.801766
0.835422
0.817661
0.820345
0.823723
0.830283
0.813008
0.785546
0.82562
0.809408
0.818852
0.818182
0.825764
0.822607
0.808252
0.803859
0.819901
0.822754
0.810065
0.807754
0.817661
0.806452
0.820345
0.831115
0.815209
0.803384
0.812856
0.822368
0.821546
0.820345
0.818033
0.832639
0.796651
0.821018
0.809562
0.809562
0.816327
0.808907
0.831947
0.818182
0.814845
0.806295
0.811736
0.818406
0.808097
0.816993
0.803701
0.814332
0.814332
0.815661
0.798561
0.803701
0.819001
0.797287
0.810219
0.815661
0.820871
0.810723
0.819001
0.822368
0.801766
0.807754
0.811736
0.821018
0.817661
0.814181
0.82713
0.817661
0.821693
0.820871
0.821018
0.822368
0.840336
0.802568
0.817661
0.811535
0.833055
0.813214
0.802568
0.796651
0.82562
0.818331
0.797762
0.822607
0.814845
0.840336
0.810219
0.816327
0.812398
0.831807
0.81367
0.810877
0.829451
0.814332
0.807599
0.81367
0.822754
0.823432
0.801123
0.814029
0.802568
0.821018
0.807599
0.815359
0.816993
0.821546
0.813518
0.809061
0.833333
0.809717
0.829734
0.805645
0.81103
0.803859
0.824938
0.815661
0.82562
0.835846
0.812551
0.822368
0.8267
0.800963
0.816026
0.831667
0.81103
0.816544
0.814029
0.816327
0.82713
0.813366
0.826446
0.816176
0.817661
0.826446
0.803055
0.808407
0.808907
0.816844
0.818331
0.801766
0.818033
0.813366
0.823723
0.817512
0.813518
0.827672
0.834586
0.807103
0.8229
0.839631
0.791435
0.810877
0.822368
0.820197
0.831667
0.806452
0.811535
0.823578
0.83236
0.809253
0.809717
0.806947
0.816544
0.820197
0.79984
0.81551
0.806947
0.814845
0.812348
0.8285
0.82713
0.810723
0.813008
0.825476
0.812195
0.823723
0.82562
0.816327
0.823723
0.829187
0.828358
0.816993
0.823045
0.810219
0.817884
0.816176
0.823578
0.814845
0.816844
0.816327
0.82562
0.826303
0.828358
0.828216
0.809562
0.799361
0.818852
0.819001
0.805802
0.804348
0.818331
0.845309
0.823723
0.812704
0.825476
0.818182
0.814845
0.817363
0.820871
0.796962
0.813518
0.820871
0.805645
0.805153
0.811535
0.806295
0.810373
0.808907
0.826303
0.834725
0.812195
0.819524
0.82562
0.838384
0.814542
0.813008
0.808752
0.814845
0.824938
0.807443
0.808907
0.815661
0.829876
0.823578
0.816844
0.826446
0.824402
0.801925
0.831807
0.821546
0.802738
0.820197
0.823723
0.818704
0.816844
0.806295
0.8285
0.819524
0.810877
0.822222
0.807942
0.811688
0.79569
0.810219
0.818852
0.814332
0.816327
0.803859
0.80241
0.800481
0.834448
0.825764
0.811382
0.826303
0.804681
0.809562
0.819001
0.811535
0.800803
0.810373
0.824112
0.818852
0.808097
0.801925
0.812195
0.815359
0.819672
0.824938
0.840202
0.803384
0.824402
0.800481
0.807754
0.8229
0.819001
0.81103
0.825764
0.797287
0.823967
0.797448
0.828358
0.790514
0.816694
0.810723
0.82713
0.816993
0.830424
0.814996
0.8325
0.827529
0.830424
0.840775
0.823432
0.822222
0.813518
0.820871
0.809562
0.804839
0.820049
0.823723
0.820871
0.821018
0.81367
0.807103
0.808252
0.816694
0.8285
0.812195
0.807287
0.822076
0.824257
0.808252
0.812348
0.811382
0.830424
0.818555
0.804996
0.816327
0.817661
0.808252
0.829593
0.821018
0.816844
0.830565
0.813518
0.814845
0.804996
0.816327
0.814332
0.816993
0.822368
0.800481
0.807103
0.816327
0.810219
0.809562
0.831115
0.816544
0.808252
0.821546
0.826843
0.811535
0.821693
0.830283
0.803226
0.826303
0.813518
0.816327
0.817884
0.826843
0.82562
0.819672
0.82713
0.812551
0.808407
0.824938
0.806947
0.814332
0.822222
0.8285
0.82713
0.823723
0.828216
0.817661
0.794118
0.80419
0.8267
0.822368
0.814996
0.804348
0.812704
0.812042
0.831255
0.822607
0.786614
0.8229
0.807599
0.815359
0.824112
0.823723
0.816327
0.821018
0.810065
0.818852
0.816327
0.816993
0.814694
0.807443
0.828216
0.824257
0.81103
0.800641
0.814845
0.819001
0.831255
0.836683
0.796488
0.812195
0.834725
0.805488
0.821693
0.797287
0.834028
0.813008
0.831255
0.812195
0.816844
0.832639
0.829187
0.816694
0.812195
0.814694
0.809098
0.816694
0.806947
0.811688
0.826303
0.830424
0.829593
0.812195
0.806975
0.805645
0.797287
0.810219
0.829593
0.807103
0.819001
0.798085
0.825764
0.816694
0.821693
0.810877
0.810877
0.823723
0.819901
0.821693
0.808907
0.802251
0.8285
0.838087
0.806791
0.81551
0.819672
0.811535
0.817363
0.83236
0.818033
0.820871
0.826303
0.814181
0.800161
0.807287
0.825764
0.81103
0.824257
0.821018
0.812348
0.809717
0.811688
0.81551
0.814029
0.813518
0.818704
0.813008
0.829046
0.825331
0.813366
0.841043
0.824402
0.805153
0.820871
0.808252
0.820345
0.799039
0.823578
0.80419
0.803701
0.807754
0.811688
0.816176
0.812856
0.806295
0.812042
0.810373
0.807754
0.81367
0.812195
0.822754
0.806139
0.814845
0.805153
0.816176
0.819672
0.819524
0.801123
0.802579
0.844915
0.80419
0.83612
0.816993
0.801447
0.816327
0.839631
0.814694
0.8229
0.835983
0.8285
0.812348
0.803213
0.817661
0.810065
0.824402
0.806452
0.827672
0.835983
0.843038
0.812856
0.809562
0.807443
0.818182
0.804505
0.836683
0.826303
0.821782
0.809061
0.821693
0.791435
0.812348
0.804348
0.815359
0.803701
0.820197
0.807754
0.811535
0.821018
0.814996
0.814694
0.816176
0.810877
0.805645
0.816327
0.804996
0.841618
0.817661
0.818704
0.820197
0.808252
0.816026
0.827815
0.806295
0.819001
0.82562
0.81103
0.823045
0.823723
0.804996
0.819672
0.819672
0.807103
0.825083
0.814332
0.824938
0.806295
0.823578
0.829187
0.814996
0.820871
0.794913
0.802092
0.820197
0.823578
0.814996
0.816694
0.812195
0.817512
0.817512
0.812042
0.806634
0.819524
0.827529
0.808097
0.817512
0.820049
0.804681
0.829876
0.8229
0.814029
0.803859
0.824938
0.7992
0.814845
0.817512
0.818182
0.831807
0.803213
0.829876
0.812348
0.829593
0.825331
0.810065
0.845047
0.809717
0.807103
0.812551
0.823045
0.81551
0.813518
0.82713
0.815661
0.810219
0.823045
0.815661
0.812704
0.816327
0.818704
0.829046
0.823578
0.828358
0.837385
0.824938
0.825764
0.82713
0.822754
0.818852
0.818704
0.807599
0.806791
0.819001
0.808907
0.806947
0.821018
0.818704
0.806791
0.821693
0.810373
0.826446
0.831947
0.826446
0.817661
0.833333
0.805645
0.816694
0.812195
0.821693
0.814181
0.815661
0.812704
0.814845
0.808752
0.824402
0.817213
0.810065
0.818852
0.806947
0.810877
0.799039
0.804348
0.809061
0.808097
0.808407
0.805645
0.822222
0.803384
0.824793
0.814542
0.808097
0.811688
0.807443
0.830565
0.804505
0.799679
0.833333
0.804996
0.81367
0.804996
0.805331
0.798085
0.809562
0.819001
0.814332
0.803859
0.826843
0.826303
0.820724
0.826987
0.814332
0.82562
0.825083
0.829046
0.828904
0.824402
0.822368
0.830424
0.810373
0.830565
0.814029
0.833194
0.819901
0.812348
0.808597
0.820197
0.812704
0.816993
0.827672
0.813366
0.816844
0.824938
0.822754
0.808907
0.823287
0.814694
0.835983
0.825083
0.803859
0.819228
0.811688
0.822076
0.822222
0.815661
0.820871
0.818331
0.817363
0.805802
0.806295
0.808907
0.823045
0.803859
0.824938
0.81103
0.803055
0.814181
0.809061
0.796326
0.807599
0.833751
0.837521
0.808752
0.821399
0.814996
0.818852
0.804996
0.79984
0.806634
0.795382
0.824402
0.813366
0.802896
0.814996
0.812704
0.798085
0.826987
0.808597
0.799519
0.833751
0.840336
0.802568
0.816327
0.815359
0.816694
0.820049
0.819228
0.824793
0.809717
0.815876
0.8285
0.825764
0.823045
0.808252
0.822368
0.838791
0.814996
0.814181
0.825083
0.815661
0.826159
0.810065
0.818182
0.806947
0.809717
0.817512
0.817512
0.812042
0.803859
0.812195
0.813878
0.811535
0.822222
0.812856
0.798085
0.825083
0.827386
0.816176
0.818033
0.8325
0.823723
0.820724
0.809562
0.815661
0.820724
0.808097
0.814332
0.829876
0.826159
0.803859
0.818704
0.819753
0.811535
0.823287
0.824257
0.801123
0.812195
0.827815
0.816993
0.809408
0.812195
0.816844
0.829876
0.792063
0.805153
0.814845
0.8285
0.829734
0.818704
0.824402
0.809562
0.802568
0.822222
0.806295
0.823432
0.82713
0.819001
0.826987
0.821018
0.803213
0.821399
0.843038
0.817512
0.803213
0.808907
0.811535
0.835422
0.810373
0.815725
0.824503
0.829187
0.804996
0.826303
0.820197
0.819001
0.809061
0.790348
0.802568
0.822222
0.808097
0.818331
0.82562
0.808907
0.82562
0.807443
0.814694
0.805802
0.817661
0.800481
0.825331
0.826159
0.814181
0.806139
0.8285
0.817661
0.831115
0.802568
0.808907
0.836683
0.800481
0.8229
0.822607
0.806452
0.821546
0.810569
0.807754
0.809911
0.831807
0.822076
0.806452
0.812042
0.803701
0.815661
0.816544
0.809717
0.810877
0.807287
0.820871
0.813518
0.81103
0.807443
0.822368
0.818182
0.818852
0.826446
0.821018
0.807103
0.809717
0.813008
0.802568
0.820345
0.812195
0.833194
0.84246
0.823723
0.81367
0.826843
0.81551
0.835846
0.807754
0.820049
0.818555
0.817661
0.818182
0.82713
0.8229
0.803701
0.835284
0.808407
0.816327
0.810219
0.829734
0.8285
0.823578
0.821546
0.825083
0.821018
0.821399
0.803701
0.798722
0.814694
0.825083
0.824938
0.811688
0.8229
0.822368
0.813518
0.808442
0.816026
0.824112
0.799361
0.809061
0.815359
0.833333
0.821546
0.823045
0.801123
0.815661
0.821546
0.819672
0.833055
0.825764
0.804996
0.814332
0.814996
0.83612
0.816993
0.812856
0.807754
0.7992
0.809717
0.826843
0.821105
0.835983
0.800641
0.792528
0.814332
0.809717
0.788022
0.796178
0.814542
0.814996
0.815359
0.81103
0.830833
0.817884
0.826159
0.816993
0.826303
0.807942
0.821546
0.821693
0.79984
0.823723
0.803701
0.797762
0.823432
0.825476
0.822368
0.815876
0.8
0.815359
0.801123
0.83389
0.809562
0.820871
0.801123
0.816694
0.806791
0.807103
0.825083
0.823045
0.818033
0.809562
0.83852
0.804996
0.808252
0.837951
0.807443
0.830424
0.786446
0.833194
0.807754
0.819524
0.800321
0.814845
0.810065
0.826303
0.801606
0.801766
0.817512
0.81551
0.816544
0.816844
0.808252
0.794749
0.826303
0.816176
0.812551
0.822754
0.829046
0.806452
0.816993
0.815359
0.823045
0.796651
0.825764
0.83236
0.820345
0.828358
0.826303
0.818331
0.812856
0.820197
0.814391
0.818331
0.811688
0.807443
0.824402
0.811535
0.814996
0.820197
0.806947
0.82562
0.829734
0.798085
0.812856
0.812551
0.837248
0.826446
0.824257
0.812348
0.809562
0.816026
0.825764
0.820871
0.810065
0.807103
0.821546
0.827672
0.811688
0.818331
0.817661
0.83389
0.829876
0.815359
0.809717
0.826446
0.816844
0.822222
0.823045
0.799039
0.814181
0.814181
0.8229
0.826843
0.816176
0.818704
0.819672
0.814332
0.828358
0.812856
0.83389
0.804348
0.806295
0.814332
0.827386
0.808252
0.813008
0.797287
0.806452
0.798722
0.806452
0.813518
0.828358
0.811688
0.811382
0.827815
0.828216
0.808597
0.828358
0.818331
0.823578
0.805488
0.828216
0.818182
0.824793
0.836547
0.816993
0.816327
0.816026
0.813008
0.834448
0.816026
0.824938
0.827386
0.812195
0.809717
0.789723
0.814181
0.814542
0.819376
0.80241
0.805645
0.823432
0.820345
0.815359
0.810219
0.820724
0.81551
0.811688
0.8
0.822607
0.820197
0.810373
0.819672
0.811535
0.836683
0.816327
0.824402
0.814332
0.819672
0.826303
0.816694
0.830424
0.809717
0.816176
0.809061
0.811688
0.822222
0.797448
0.814996
0.832639
0.83389
0.824112
0.816844
0.821018
0.807754
0.807599
0.804996
0.803213
0.805802
0.829734
0.813214
0.802896
0.819001
0.808907
0.831115
0.810877
0.808752
0.816844
0.824257
0.807103
0.822222
0.807443
0.798561
0.814181
0.802568
0.821693
0.823578
0.813878
0.822607
0.815661
0.80419
0.797287
0.808907
0.822607
0.82562
0.81367
0.814694
0.800481
0.818331
0.808407
0.801123
0.809061
0.815661
0.807599
0.824257
0.826446
0.813878
0.812348
0.820049
0.816993
0.811535
0.838087
0.819524
0.807103
0.816993
0.83236
0.822222
0.806295
0.816993
0.838791
0.825083
0.811535
0.823723
0.817512
0.803055
0.821252
0.806947
0.812856
0.830424
0.816327
0.824257
0.804348
0.830142
0.820871
0.808097
0.812551
0.806947
0.803384
0.804505
0.814181
0.831255
0.803543
0.823045
0.803213
0.816844
0.808252
0.807599
0.810877
0.819605
0.8229
0.826159
0.829876
0.806452
0.823723
0.814845
0.817884
0.821018
0.816176
0.820197
0.815661
0.810373
0.814181
0.823045
0.822754
0.810065
0.809061
0.816026
0.815359
0.818852
0.826015
0.803859
0.827386
0.816844
0.827243
0.840336
0.82713
0.809098
0.83389
0.805153
0.818852
0.791139
0.821546
0.827529
0.830974
0.815209
0.811382
0.795545
0.801606
0.805331
0.804348
0.823432
0.827815
0.811229
0.823045
0.83682
0.818033
0.817213
0.812348
0.7891
0.831115
0.81103
0.792693
0.807754
0.807287
0.816176
0.821018
0.806452
0.806139
0.8229
0.826303
0.812856
0.837385
0.815876
0.813878
0.816176
0.813008
0.835983
0.806295
0.827672
0.819524
0.827672
0.828358
0.841618
0.822076
0.819524
0.798561
0.810219
0.816327
0.826303
0.807443
0.805645
0.795545
0.829593
0.819672
0.820345
0.823578
0.799679
0.826303
0.821546
0.804681
0.814694
0.83236
0.809061
0.810219
0.826446
0.816176
0.810373
0.829876
0.831807
0.820345
0.807443
0.821399
0.81103
0.845309
0.827672
0.818331
0.831807
0.801925
0.799361
0.813008
0.804505
0.805174
0.81103
0.81551
0.808407
0.81103
0.824257
0.830424
0.813725
0.809408
0.818852
0.831115
0.809717
0.815359
0.813518
0.797287
0.816026
0.822368
0.808752
0.826159
0.816327
0.79984
0.818852
0.823045
0.810373
0.806947
0.820345
0.806295
0.818033
0.81103
0.817661
0.795545
0.817363
0.816844
0.797448
0.807103
0.812195
0.825083
0.810065
0.805488
0.810723
0.798722
0.819672
0.804996
0.835284
0.814996
0.823432
0.825764
0.818033
0.812348
0.824938
0.818033
0.800963
0.812704
0.824402
0.816993
0.813366
0.809717
0.803543
0.804348
0.833194
0.797448
0.831526
0.807599
0.827815
0.808442
0.795219
0.815359
0.805645
0.813518
0.818852
0.838087
0.830283
0.818852
0.8285
0.8325
0.812551
0.812195
0.816694
0.825083
0.809717
0.813518
0.818182
0.814845
0.824938
0.814996
0.812348
0.811688
0.810065
0.841618
0.804839
0.813878
0.82713
0.818182
0.817734
0.820345
0.835983
0.819672
0.824257
0.821018
0.824793
0.806295
0.817213
0.817512
0.820871
0.808907
0.828216
0.826303
0.829876
0.816844
0.826303
0.818331
0.837951
0.822222
0.828358
0.821018
0.818331
0.816694
0.822368
0.81103
0.814694
0.813518
0.820345
0.821018
0.820049
0.806947
0.823578
0.808752
0.801123
0.816694
0.820871
0.816327
0.806947
0.830283
0.799361
0.811889
0.835708
0.804839
0.816026
0.816176
0.80419
0.7992
0.821546
0.804996
0.824112
0.823045
0.825083
0.806295
0.809562
0.816993
0.816844
0.800481
0.810569
0.82713
0.817661
0.825764
0.793323
0.803859
0.812348
0.823723
0.808407
0.812704
0.805645
0.807443
0.816844
0.821546
0.835284
0.825476
0.814332
0.81551
0.818331
0.829734
0.819672
0.823045
0.828073
0.804839
0.814845
0.824112
0.822222
0.816993
0.825476
0.826987
0.807287
0.817363
0.816844
0.821018
0.823432
0.826303
0.825476
0.821693
0.81103
0.838926
0.826987
0.812195
0.8325
0.818852
0.801766
0.8229
0.809717
0.831115
0.818406
0.799361
0.818033
0.814332
0.811535
0.823723
0.820345
0.807103
0.807754
0.811688
0.814181
0.816026
0.823045
0.821546
0.816844
0.814996
0.816327
0.816176
0.817661
0.807103
0.831255
0.793323
0.814332
0.806139
0.823723
0.804839
0.822754
0.805645
0.806791
0.805802
0.806295
0.807599
0.808097
0.829187
0.8229
0.800641
0.806295
0.812704
0.837521
0.807599
0.813008
0.820345
0.822222
0.824257
0.809562
0.825083
0.817512
0.810877
0.835983
0.816327
0.831255
0.830833
0.817512
0.801925
0.802568
0.805153
0.837521
0.824938
0.807103
0.823045
0.82562
0.820345
0.823432
0.807103
0.803701
0.821018
0.81367
0.810065
0.8285
0.808752
0.806947
0.815359
0.821546
0.798561
0.834448
0.799361
0.781861
0.802568
0.814996
0.827815
0.812856
0.807443
0.806295
0.804996
0.806452
0.802251
0.796651
0.814996
0.816176
0.818331
0.816844
0.813008
0.822754
0.824938
0.810373
0.825764
0.839496
0.808907
0.8229
0.812042
0.833055
0.795545
0.807443
0.842327
0.816544
0.796178
0.828358
0.807103
0.809562
0.818331
0.810877
0.820871
0.802896
0.819672
0.812195
0.804996
0.806947
0.816176
0.818852
0.792228
0.797762
0.830974
0.823578
0.830565
0.818331
0.822607
0.830974
0.8325
0.809562
0.810723
0.828358
0.816176
0.811889
0.816327
0.822607
0.814845
0.8267
0.835983
0.816844
0.810373
0.804996
0.809061
0.805153
0.815661
0.792228
0.820197
0.803055
0.826303
0.828358
0.811688
0.807942
0.812042
0.800481
0.824938
0.810065
0.810219
0.806139
0.811535
0.811889
0.810373
0.82713
0.813008
0.826446
0.796016
0.797923
0.813214
0.835846
0.824257
0.811889
0.809061
0.810877
0.815359
0.804839
0.816327
0.820049
0.814996
0.805802
0.801766
0.806791
0.818182
0.83
0.807754
0.808097
0.826987
0.826843
0.814996
0.835983
0.821018
0.811382
0.810877
0.810877
0.808907
0.816176
0.8285
0.818331
0.821546
0.820197
0.827815
0.800481
0.816993
0.794586
0.811535
0.806791
0.823578
0.81103
0.821018
0.799361
0.822368
0.824793
0.809717
0.816176
0.807599
0.826303
0.824257
0.817512
0.812551
0.82713
0.820197
0.81367
0.824257
0.827386
0.813366
0.824938
0.813008
0.816694
0.83682
0.810877
0.805802
0.837248
0.807754
0.825764
0.822368
0.812856
0.813008
0.821693
0.800641
0.807754
0.824112
0.824938
0.821929
0.806295
0.809717
0.824402
0.826987
0.826303
0.827815
0.825764
0.811688
0.816176
0.808407
0.826303
0.802251
0.835422
0.815359
0.816327
0.8325
0.817734
0.829046
0.81551
0.818704
0.828216
0.815209
0.809408
0.801766
0.803213
0.812856
0.818331
0.810723
0.812856
0.811535
0.835422
0.813518
0.816993
0.821782
0.823045
0.818033
0.809562
0.818182
0.82562
0.830565
0.822754
0.808252
0.809408
0.831115
0.812348
0.816026
0.804839
0.816993
0.809717
0.827672
0.82713
0.814332
0.809562
0.819901
0.812348
0.824112
0.806791
0.821693
0.805645
0.813878
0.804681
0.813518
0.812348
0.817512
0.814332
0.821399
0.818033
0.826159
0.821693
0.787402
0.815359
0.816026
0.815661
0.813008
0.813725
0.829876
0.812704
0.804996
0.831947
0.818331
0.819001
0.833751
0.803859
0.808907
0.807754
0.797923
0.822368
0.803543
0.814542
0.811535
0.818331
0.821929
0.816176
0.815359
0.822222
0.812856
0.812856
0.820724
0.813008
0.825476
0.805153
0.808407
0.804996
0.827672
0.826446
0.820576
0.829187
0.816844
0.808252
0.811889
0.821693
0.808407
0.81103
0.824938
0.814996
0.834586
0.818852
0.830974
0.7984
0.820197
0.831115
0.812348
0.806452
0.809562
0.811382
0.809562
0.823723
0.816176
0.810219
0.808597
0.826303
0.819001
0.8229
0.806634
0.819672
0.829187
0.815661
0.822607
0.824112
0.838791
0.817512
0.818331
0.821546
0.808597
0.823578
0.807942
0.813008
0.818331
0.807754
0.812348
0.819001
0.811535
0.818852
0.831807
0.824257
0.810373
0.82562
0.822222
0.823578
0.81551
0.822222
0.818182
0.798085
0.824793
0.812348
0.816176
0.812551
0.824938
0.820871
0.820197
0.821018
0.814845
0.802738
0.817661
0.829309
0.820871
0.810373
0.808252
0.798561
0.81551
0.808097
0.813878
0.816176
0.814181
0.804505
0.820197
0.822222
0.820871
0.824402
0.812704
0.817512
0.786164
0.832639
0.818852
0.831115
0.812704
0.826159
0.813518
0.791601
0.812195
0.818852
0.828761
0.839933
0.831947
0.807599
0.810373
0.806791
0.822368
0.796651
0.83222
0.816844
0.803859
0.819672
0.83682
0.821546
0.819524
0.8229
0.800481
0.819672
0.804348
0.8
0.818406
0.819672
0.80419
0.834028
0.801925
0.820871
0.798561
0.814181
0.81103
0.826446
0.818852
0.840336
0.821018
0.821018
0.840775
0.830565
0.814332
0.813518
0.796813
0.831807
0.818331
0.807754
0.811535
0.811688
0.8285
0.829187
0.803213
0.815359
0.81551
0.819672
0.802568
0.814996
0.796178
0.826446
0.820345
0.815661
0.809061
0.811889
0.814845
0.821018
0.818852
0.809717
0.813061
0.84246
0.810373
0.814694
0.84317
0.799361
0.81551
0.814181
0.827386
0.806139
0.805488
0.809562
0.821546
0.814996
0.817512
0.819672
0.83612
0.795382
0.817661
0.817661
0.824938
0.814029
0.806295
0.838087
0.834586
0.816176
0.809562
0.814332
0.824938
0.826987
0.820871
0.813008
0.831255
0.806791
0.82562
0.794586
0.825764
0.837385
0.828358
0.800963
0.814996
0.831947
0.815359
0.812195
0.818331
0.829046
0.797923
0.822607
0.828073
0.828619
0.81551
0.811688
0.809756
0.806295
0.827815
0.822222
0.811736
0.822368
0.812348
0.826159
0.825476
0.831255
0.817661
0.822754
0.812348
0.810569
0.793021
0.818182
0.820428
0.814332
0.804681
0.827672
0.816176
0.815661
0.810569
0.808907
0.822076
0.801123
0.830565
0.822368
0.829876
0.814332
0.831255
0.824938
0.808907
0.8285
0.82562
0.829876
0.812042
0.796651
0.814694
0.814332
0.811382
0.823723
0.820576
0.829876
0.813008
0.819376
0.835008
0.832639
0.81367
0.808252
0.817512
0.797762
0.844463
0.822368
0.827672
0.830283
0.802568
0.816993
0.818704
0.821693
0.803859
0.811382
0.820197
0.816844
0.810373
0.819672
0.805645
0.814694
0.816176
0.806791
0.810877
0.800963
0.816026
0.788933
0.820049
0.836683
0.8285
0.825764
0.817734
0.808407
0.818331
0.818182
0.816327
0.818331
0.814845
0.814029
0.816176
0.801925
0.829593
0.828904
0.819001
0.827815
0.833473
0.837385
0.807599
0.8325
0.831115
0.812195
0.813518
0.825764
0.810877
0.819672
0.811889
0.795853
0.818033
0.804348
0.822368
0.812856
0.826303
0.834448
0.823045
0.803859
0.810723
0.831667
0.808252
0.808407
0.826446
0.805331
0.812856
0.793954
0.836683
0.803213
0.8229
0.834028
0.826843
0.805645
0.825083
0.826843
0.823432
0.802738
0.809717
0.825186
0.814332
0.801123
0.807443
0.808752
0.810569
0.817661
0.809717
0.808097
0.820871
0.812398
0.825331
0.810877
0.832639
0.801123
0.823578
0.816176
0.819376
0.81551
0.840336
0.808407
0.8285
0.811688
0.819524
0.820871
0.821018
0.818182
0.824793
0.815661
0.807754
0.810373
0.820345
0.811382
0.819672
0.822368
0.820871
0.833751
0.806139
0.807754
0.831255
0.814996
0.814181
0.824402
0.816544
0.818704
0.811382
0.805645
0.817363
0.823578
0.818704
0.809562
0.828904
0.820197
0.791898
0.833194
0.816176
0.81103
0.820197
0.822607
0.808907
0.816327
0.823578
0.811889
0.84246
0.807103
0.801766
0.817213
0.811535
0.816694
0.833612
0.797448
0.812856
0.816844
0.829451
0.829734
0.823578
0.806452
0.812348
0.796178
0.809408
0.808752
0.806295
0.811889
0.818331
0.810065
0.813008
0.827815
0.809911
0.810877
0.811535
0.811688
0.814694
0.823432
0.814181
0.820345
0.824402
0.819524
0.825764
0.814181
0.812195
0.803859
0.801123
0.819376
0.809408
0.813008
0.798561
0.81367
0.824648
0.822368
0.814996
0.823045
0.818033
0.809717
0.831947
0.820724
0.819001
0.819901
0.801766
0.826303
0.813878
0.812348
0.814332
0.81367
0.816176
0.826987
0.811382
0.809717
0.831807
0.815661
0.820871
0.819376
0.823821
0.823578
0.813518
0.808907
0.835008
0.831807
0.817512
0.808407
0.801766
0.806139
0.821018
0.815359
0.820345
0.824938
0.83612
0.799679
0.807754
0.81367
0.826987
0.838223
0.816993
0.801766
0.819672
0.810065
0.812195
0.818704
0.798722
0.822076
0.828073
0.807599
0.821546
0.823432
0.814694
0.829046
0.801766
0.834586
0.824793
0.809061
0.817512
0.823432
0.795545
0.805174
0.813214
0.830283
0.815661
0.800963
0.818331
0.83236
0.818182
0.814845
0.804996
0.812856
0.816327
0.799519
0.824257
0.816026
0.809061
0.824257
0.810569
0.825476
0.836683
0.83682
0.808907
0.820345
0.816844
0.818033
0.810877
0.790974
0.827672
0.831807
0.824402
0.824112
0.834586
0.817661
0.8229
0.807103
0.829046
0.826303
0.822076
0.818331
0.8229
0.830283
0.810219
0.820049
0.816694
0.819001
0.811889
0.826987
0.811382
0.819001
0.825083
0.801282
0.823287
0.800481
0.821693
0.817661
0.815661
0.813008
0.829734
0.803213
0.802568
0.826987
0.810723
0.824938
0.816327
0.807103
0.818182
0.821546
0.811229
0.807754
0.809717
0.823045
0.7992
0.819376
0.823045
0.820345
0.806295
0.837521
0.813366
0.812856
0.816176
0.79984
0.822368
0.819376
0.796488
0.819001
0.817213
0.813366
0.824112
0.812348
0.812348
0.804348
0.817512
0.794118
0.818852
0.825083
0.812704
0.816327
0.829046
0.835846
0.819672
0.814332
0.825476
0.816327
0.810877
0.820049
0.818331
0.808252
0.805488
0.822222
0.806452
0.827386
0.830283
0.816327
0.805153
0.814029
0.808407
0.809562
0.824938
0.823723
0.800963
0.804996
0.819672
0.837112
0.794749
0.818406
0.808907
0.820049
0.819524
0.819001
0.810373
0.828358
0.828216
0.808907
0.814845
0.817512
0.821693
0.805153
0.818406
0.826446
0.798722
0.816327
0.812856
0.812042
0.819672
0.807599
0.806452
0.814181
0.824402
0.801766
0.822076
0.811889
0.798085
0.820871
0.833333
0.810569
0.812856
0.806139
0.815661
0.796326
0.82562
0.79984
0.810065
0.823723
0.820871
0.812195
0.802896
0.804839
0.806452
0.795382
0.813366
0.803384
0.807599
0.785377
0.815661
0.817512
0.803213
0.813518
0.814332
0.808252
0.80241
0.819524
0.810723
0.818033
0.835284
0.797448
0.810373
0.819001
0.8285
0.811229
0.814694
0.82562
0.815661
0.829187
0.808407
0.834725
0.812704
0.838791
0.806947
0.815661
0.814029
0.812348
0.827815
0.824793
0.82562
0.821693
0.812704
0.825764
0.798561
0.83612
0.806295
0.786782
0.820345
0.819672
0.817363
0.816993
0.804996
0.817363
0.814845
0.806295
0.829876
0.822368
0.81367
0.811535
0.813366
0.816026
0.829046
0.796651
0.819228
0.813518
0.825764
0.821018
0.823578
0.811535
0.838223
0.813366
0.831947
0.822754
0.808252
0.818852
0.817512
0.814996
0.815359
0.807942
0.810219
0.83389
0.820197
0.806791
0.828358
0.81103
0.824257
0.813518
0.81551
0.808252
0.816694
0.810219
0.821693
0.81103
0.817512
0.806452
0.813518
0.814029
0.811382
0.829187
0.820576
0.80241
0.823432
0.818704
0.823045
0.839496
0.813518
0.808907
0.80241
0.799679
0.805488
0.806452
0.81551
0.806139
0.823578
0.807754
0.816327
0.81551
0.810219
0.819524
0.830424
0.810261
0.810065
0.808407
0.820871
0.786782
0.809911
0.823578
0.827672
0.821693
0.816026
0.803701
0.811688
0.808252
0.831115
0.833333
0.816993
0.83236
0.833055
0.810877
0.807599
0.819524
0.823578
0.826446
0.821693
0.806452
0.834586
0.813518
0.821018
0.807103
0.803213
0.820345
0.803213
0.817661
0.81103
0.819524
0.820871
0.814181
0.813008
0.826446
0.828073
0.825476
0.823723
0.818704
0.796178
0.81551
0.816694
0.82713
0.81367
0.81367
0.828904
0.801925
0.808097
0.814542
0.807443
0.823723
0.817884
0.805645
0.816327
0.805802
0.804996
0.805645
0.816913
0.801282
0.806791
0.83852
0.809562
0.817661
0.819901
0.803213
0.820197
0.826303
0.816993
0.81367
0.824257
0.817213
0.814845
0.811688
0.798085
0.816176
0.830565
0.819524
0.822222
0.810877
0.834725
0.808597
0.802896
0.816026
0.809562
0.810877
0.812856
0.825764
0.79984
0.825764
0.822076
0.806452
0.820345
0.816694
0.826303
0.801282
0.793954
0.820197
0.82713
0.81103
0.820197
0.835708
0.817512
0.824938
0.823578
0.801606
0.806634
0.8229
0.814845
0.815661
0.818555
0.833194
0.827815
0.803543
0.838655
0.817512
0.811688
0.819672
0.826159
0.816327
0.814181
0.811382
0.826159
0.830424
0.826159
0.819672
0.81103
0.815661
0.803543
0.810373
0.816327
0.793954
0.803055
0.808407
0.831115
0.814029
0.807599
0.818182
0.8285
0.813518
0.804505
0.8285
0.81367
0.825083
0.829734
0.805802
0.821546
0.808752
0.804996
0.808407
0.804505
0.817884
0.823723
0.833194
0.816993
0.818852
0.815661
0.829593
0.808752
0.822754
0.819001
0.800641
0.798722
0.823723
0.804839
0.821546
0.804996
0.811535
0.822222
0.813366
0.818182
0.802251
0.819901
0.806295
0.81551
0.811688
0.80419
0.8285
0.81551
0.823578
0.802568
0.826843
0.818331
0.803055
0.817213
0.812195
0.826303
0.824402
0.806947
0.812348
0.829734
0.823045
0.813008
0.820345
0.814996
0.803213
0.802568
0.832639
0.83222
0.810219
0.828904
0.822222
0.813008
0.81103
0.806452
0.819001
0.823045
0.809061
0.840202
0.838926
0.808907
0.8229
0.817884
0.816327
0.83612
0.819524
0.805802
0.816844
0.825083
0.826446
0.813518
0.812348
0.808752
0.805488
0.807754
0.802568
0.811229
0.798239
0.829309
0.807103
0.826556
0.811229
0.811688
0.809408
0.817661
0.819672
0.810723
0.821693
0.828358
0.810373
0.830833
0.832639
0.809562
0.805802
0.817512
0.803543
0.822368
0.823578
0.814029
0.810877
0.8325
0.824112
0.811382
0.822076
0.823723
0.80419
0.834448
0.821693
0.813518
0.816694
0.808907
0.825764
0.809717
0.817661
0.808752
0.811535
0.808752
0.835284
0.814845
0.818852
0.823578
0.80241
0.811688
0.83389
0.810723
0.820724
0.809061
0.814996
0.817661
0.837951
0.822222
0.812348
0.8229
0.81367
0.816544
0.813008
0.814845
0.820871
0.796016
0.8229
0.818331
0.799679
0.816026
0.789889
0.821399
0.7984
0.830424
0.810373
0.832639
0.828904
0.812042
0.814332
0.813214
0.805331
0.822368
0.8229
0.826303
0.81103
0.817512
0.78476
0.806947
0.807754
0.803859
0.809408
0.812704
0.817661
0.821693
0.810877
0.820197
0.820576
0.807599
0.826987
0.830565
0.814181
0.837521
0.818852
0.7992
0.823578
0.828216
0.818555
0.831115
0.819524
0.809562
0.798085
0.813518
0.824402
0.835422
0.81551
0.824112
0.823967
0.818182
0.812348
0.811688
0.799679
0.805331
0.828358
0.829046
0.811688
0.804505
0.805153
0.810723
0.827672
0.806139
0.831947
0.813518
0.806295
0.818182
0.823578
0.806947
0.804348
0.804996
0.819001
0.83431
0.819524
0.835708
0.816026
0.830565
0.804996
0.821693
0.814996
0.813366
0.823432
0.806295
0.806139
0.818852
0.818852
0.81103
0.796651
0.805488
0.810219
0.808407
0.834725
0.809562
0.806947
0.821018
0.818182
0.820197
0.806947
0.818704
0.814996
0.826987
0.820871
0.805153
0.816993
0.825764
0.825476
0.814694
0.833612
0.820724
0.81551
0.801766
0.804505
0.805645
0.816993
0.808252
0.826987
0.806295
0.829593
0.816026
0.816993
0.81103
0.810219
0.821546
0.818852
0.798561
0.816176
0.812042
0.808407
0.809408
0.828358
0.835284
0.816844
0.823723
0.806947
0.809061
0.815661
0.834725
0.800321
0.814694
0.811688
0.833333
0.834448
0.806947
0.801606
0.827815
0.80419
0.811889
0.809562
0.823578
0.842327
0.821782
0.810373
0.813518
0.809717
0.817512
0.815661
0.810373
0.819672
0.806947
0.803701
0.823045
0.81367
0.791139
0.818331
0.809061
0.824257
0.808442
0.814996
0.816993
0.809408
0.832639
0.807103
0.806452
0.823578
0.821693
0.831255
0.793487
0.812348
0.829046
0.820724
0.835284
0.812704
0.819672
0.819672
0.801606
0.804505
0.817884
0.798878
0.812856
0.81103
0.838223
0.832639
0.811382
0.816844
0.824257
0.816026
0.817363
0.810219
0.803859
0.8285
0.814996
0.805153
0.821399
0.820871
0.799358
0.814694
0.818852
0.819001
0.819001
0.808752
0.820049
0.821546
0.821252
0.818033
0.806139
0.825764
0.821693
0.811075
0.800481
0.803859
0.825083
0.800481
0.7984
0.83389
0.818331
0.819524
0.796178
0.818704
0.808907
0.807599
0.819524
0.797448
0.785377
0.831255
0.797923
0.81551
0.837521
0.813518
0.799361
0.821693
0.817363
0.837951
0.796651
0.816993
0.804505
0.818182
0.829593
0.823432
0.829046
0.810219
0.822368
0.808252
0.822314
0.809061
0.814996
0.807942
0.823723
0.805153
0.813518
0.813214
0.81367
0.83389
0.81551
0.805153
0.8
0.783635
0.810373
0.818182
0.816544
0.839631
0.82713
0.823578
0.81551
0.810723
0.8325
0.806947
0.816176
0.806791
0.823045
0.815661
0.818182
0.817512
0.824112
0.819524
0.811535
0.7992
0.819672
0.806295
0.826159
0.823723
0.801282
0.825764
0.814996
0.820049
0.816844
0.794118
0.819376
0.802568
0.824938
0.82713
0.824112
0.820724
0.82713
0.831255
0.81551
0.818704
0.817512
0.823675
0.803859
0.814845
0.820345
0.80419
0.81551
0.82562
0.820197
0.834725
0.814694
0.811535
0.796178
0.816544
0.824257
0.808907
0.7992
0.791139
0.81367
0.824257
0.826303
0.803213
0.804348
0.818406
0.821018
0.811382
0.811688
0.832639
0.808907
0.824257
0.802896
0.811688
0.820871
0.812195
0.82562
0.804505
0.821252
0.83612
0.813366
0.809408
0.806452
0.831115
0.828761
0.840336
0.813008
0.808907
0.818033
0.821693
0.792693
0.823045
0.810373
0.823432
0.812195
0.826303
0.800321
0.821018
0.818331
0.812195
0.826446
0.826987
0.829876
0.833333
0.811688
0.800641
0.819672
0.823723
0.819376
0.815209
0.818704
0.806791
0.804839
0.821693
0.819672
0.807103
0.812856
0.813214
0.820049
0.812704
0.810065
0.803859
0.802251
0.824938
0.818331
0.816327
0.819524
0.810373
0.839361
0.810877
0.830283
0.803701
0.82562
0.826446
0.820345
0.823723
0.790974
0.821399
0.808907
0.817512
0.803859
0.8229
0.807754
0.818704
0.813518
0.818331
0.808407
0.79984
0.821018
0.823578
0.801766
0.789266
0.811535
0.802738
0.819524
0.828216
0.82713
0.819672
0.818182
0.806947
0.824938
0.833751
0.822222
0.829187
0.833751
0.807103
0.822368
0.816176
0.808907
0.807103
0.821399
0.827672
0.819376
0.825083
0.822607
0.824402
0.814332
0.810065
0.805488
0.812856
0.809562
0.809911
0.808097
0.812856
0.825083
0.821693
0.822368
0.812704
0.827815
0.804348
0.824402
0.811688
0.810219
0.7992
0.808252
0.810373
0.821018
0.828904
0.814694
0.829876
0.804996
0.831115
0.836547
0.820724
0.805802
0.821399
0.814181
0.819672
0.821546
0.808907
0.802568
0.824938
0.814181
0.817512
0.81551
0.816993
0.802568
0.811535
0.802568
0.816327
0.817884
0.799679
0.805645
0.816694
0.822368
0.808907
0.829187
0.795545
0.816694
0.814996
0.822222
0.792857
0.802568
0.821399
0.80241
0.819376
0.839496
0.815057
0.779859
0.818852
0.803055
0.810219
0.810373
0.810065
0.830833
0.814845
0.819672
0.825764
0.805645
0.819672
0.816026
0.809061
0.816327
0.811535
0.805645
0.801925
0.806295
0.814332
0.814845
0.824112
0.824402
0.804348
0.808597
0.816993
0.802568
0.819901
0.819672
0.823045
0.802738
0.812195
0.823578
0.811382
0.793487
0.81103
0.803055
0.804996
0.827815
0.821018
0.828073
0.8285
0.823045
0.826159
0.8285
0.83236
0.825083
0.807131
0.816993
0.810373
0.83389
0.816993
0.792228
0.808252
0.808907
0.811688
0.803701
0.83236
0.818331
0.818704
0.813366
0.809562
0.817512
0.798085
0.820871
0.794913
0.825083
0.814845
0.807754
0.804996
0.803055
0.803384
0.838087
0.811688
0.818704
0.800321
0.818033
0.806791
0.821252
0.829593
0.818182
0.822222
0.809061
0.816694
0.81367
0.818852
0.826446
0.81367
0.81103
0.812042
0.801282
0.806947
0.8325
0.819001
0.843038
0.818182
0.827243
0.805153
0.809717
0.809061
0.829734
0.824358
0.838926
0.831807
0.812195
0.812195
0.821018
0.8285
0.806139
0.817661
0.819672
0.815725
0.817661
0.818852
0.821693
0.800641
0.807599
0.809061
0.810219
0.816844
0.82562
0.819524
0.83431
0.822076
0.818033
0.811535
0.816844
0.807599
0.815661
0.827815
0.806452
0.822607
0.821546
0.796016
0.834725
0.807754
0.801766
0.821546
0.797923
0.811229
0.822368
0.81103
0.805488
0.81551
0.824938
0.827672
0.809562
0.83682
0.806947
0.796651
0.809717
0.824257
0.819672
0.811535
0.815876
0.816327
0.821693
0.808252
0.841618
0.813518
0.827815
0.807599
0.812195
0.8285
0.794913
0.822368
0.814996
0.808252
0.824402
0.81551
0.821399
0.820871
0.823578
0.818331
0.835983
0.833333
0.823432
0.816176
0.819524
0.816844
0.82713
0.823432
0.817512
0.818033
0.808097
0.803543
0.821693
0.818331
0.828358
0.795545
0.819001
0.817512
0.817661
0.825476
0.830142
0.816993
0.811382
0.823045
0.832639
0.817661
0.81103
0.812195
0.818331
0.811688
0.829734
0.814181
0.805645
0.821105
0.815661
0.815725
0.814996
0.821399
0.811535
0.804505
0.816844
0.805645
0.831947
0.825764
0.810219
0.815661
0.81103
0.818852
0.804681
0.817512
0.817512
0.816327
0.811688
0.816544
0.826159
0.809717
0.805645
0.821546
0.812245
0.823432
0.818033
0.809253
0.806452
0.819672
0.815661
0.802251
0.811229
0.824257
0.819001
0.816176
0.816993
0.800641
0.814181
0.799679
0.822701
0.821399
0.813366
0.825764
0.814332
0.835422
0.812856
0.82713
0.800803
0.834586
0.816327
0.835422
0.818704
0.81367
0.810219
0.826987
0.81103
0.824257
0.808597
0.820345
0.821693
0.809911
0.823723
0.827672
0.827672
0.826303
0.826987
0.803701
0.820197
0.82713
0.828761
0.825764
0.812348
0.827529
0.814845
0.827815
0.806295
0.822222
0.81551
0.819001
0.813518
0.812195
0.833473
0.79984
0.810723
0.818704
0.815057
0.845309
0.825083
0.811535
0.807599
0.831947
0.8285
0.810219
0.836683
0.817363
0.818182
0.811889
0.81551
0.827672
0.840067
0.813008
0.808407
0.7992
0.812348
0.807754
0.814029
0.806452
0.82713
0.819524
0.815209
0.810877
0.8285
0.821546
0.814845
0.814996
0.801282
0.807754
0.81103
0.807754
0.802568
0.809408
0.797762
0.818555
0.811688
0.809717
0.812348
0.810877
0.811535
0.814181
0.822754
0.818033
0.819672
0.81551
0.819001
0.816694
0.797923
0.830283
0.817661
0.806139
0.81103
0.816844
0.807754
0.811688
0.816327
0.82562
0.824938
0.802896
0.840775
0.818331
0.816544
0.80763
0.812348
0.815876
0.797762
0.839631
0.806791
0.827386
0.818182
0.804839
0.807443
0.817661
0.818331
0.815359
0.805645
0.815876
0.826015
0.814029
0.810723
0.823045
0.816694
0.797287
0.823432
0.797762
0.814996
0.801123
0.829876
0.815359
0.804839
0.816327
0.820197
0.794118
0.812348
0.816176
0.805645
0.806947
0.807103
0.813214
0.810373
0.828358
0.8229
0.805645
0.828761
0.820197
0.818331
0.805645
0.819672
0.820576
0.836547
0.802568
0.80241
0.829046
0.820345
0.804996
0.822222
0.814845
0.8285
0.804348
0.824112
0.807443
0.809717
0.806452
0.816844
0.811688
0.820871
0.832916
0.827815
0.812348
0.827672
0.82713
0.825764
0.814181
0.830565
0.811382
0.812551
0.807754
0.813518
0.820197
0.830974
0.817213
0.814181
0.82562
0.81103
0.808252
0.808597
0.805802
0.816844
0.826987
0.818704
0.812195
0.813366
0.81367
0.804996
0.84949
0.808407
0.81551
0.797125
0.821693
0.827386
0.819228
0.810877
0.816844
0.802568
0.823578
0.8285
0.81367
0.81551
0.807443
0.83682
0.825083
0.816844
0.821399
0.820345
0.809061
0.826843
0.803859
0.826987
0.8285
0.825476
0.802251
0.82562
0.812348
0.823287
0.814181
0.817512
0.818182
0.822368
0.829734
0.816176
0.81103
0.819001
0.816844
0.823432
0.808252
0.816694
0.810219
0.793323
0.810373
0.809717
0.814332
0.820345
0.797448
0.8
0.812704
0.826987
0.814332
0.826446
0.819228
0.810373
0.811535
0.824402
0.815209
0.825476
0.823045
0.816026
0.834725
0.812348
0.79984
0.825764
0.803055
0.809911
0.820049
0.820049
0.823967
0.822754
0.805645
0.817512
0.816694
0.813366
0.842773
0.829187
0.834586
0.815661
0.813008
0.831667
0.819672
0.815661
0.803543
0.808097
0.825476
0.812195
0.822076
0.829593
0.814181
0.801925
0.817512
0.826446
0.80241
0.802092
0.820576
0.814332
0.817512
0.804996
0.807754
0.804348
0.836683
0.820197
0.79984
0.812195
0.814845
0.825083
0.837521
0.823967
0.810373
0.824793
0.806295
0.820428
0.822222
0.818331
0.809562
0.830833
0.812856
0.817512
0.826159
0.836547
0.81551
0.830565
0.822076
0.804348
0.81103
0.814332
0.810219
0.818331
0.81367
0.809717
0.816176
0.8285
0.823045
0.816176
0.809717
0.811688
0.816026
0.821693
0.825764
0.843882
0.822222
0.819672
0.828358
0.818852
0.809562
0.826015
0.818182
0.794749
0.816327
0.834028
0.827529
0.818852
0.824938
0.823578
0.793651
0.811229
0.811535
0.82713
0.822754
0.813008
0.820197
0.825764
0.823432
0.820197
0.823723
0.816993
0.826303
0.808752
0.809408
0.814332
0.817661
0.823432
0.820871
0.815209
0.833333
0.806452
0.822754
0.800321
0.814181
0.809098
0.844595
0.826987
0.823045
0.808907
0.816993
0.827815
0.831115
0.814181
0.8285
0.82713
0.837521
0.801766
0.806295
0.807443
0.820871
0.819001
0.809253
0.828358
0.819524
0.818852
0.806452
0.799039
0.820049
0.793021
0.809911
0.81367
0.809717
0.8229
0.829734
0.817512
0.816694
0.8229
0.81367
0.807786
0.806947
0.818182
0.810219
0.812551
0.818033
0.809601
0.822754
0.806947
0.827386
0.806947
0.803055
0.816176
0.821018
0.816176
0.818033
0.827672
0.810569
0.79984
0.830283
0.793954
0.814181
0.820345
0.817512
0.813518
0.80419
0.808907
0.804505
0.8229
0.822076
0.824648
0.809408
0.823723
0.826987
0.806452
0.807103
0.821018
0.82713
0.806947
0.831115
0.822368
0.818555
0.818331
0.809562
0.828904
0.792857
0.796178
0.812348
0.80241
0.819901
0.826159
0.800641
0.8229
0.809717
0.814029
0.811688
0.828358
0.801766
0.815209
0.829593
0.806139
0.814694
0.816993
0.805802
0.82713
0.812856
0.826987
0.822222
0.819524
0.809911
0.823578
0.812195
0.818852
0.828904
0.816993
0.805802
0.809061
0.814181
0.814181
0.805802
0.820724
0.823432
0.816844
0.817661
0.827529
0.818331
0.823045
0.807754
0.804996
0.813518
0.816026
0.815359
0.805645
0.800963
0.801123
0.822754
0.835146
0.80241
0.804996
0.820049
0.819001
0.816913
0.819901
0.8
0.79984
0.831947
0.827815
0.798085
0.819001
0.818704
0.798085
0.830565
0.824257
0.814181
0.811688
0.822222
0.826843
0.819001
0.824402
0.816993
0.829187
0.818182
0.821018
0.801606
0.818033
0.81103
0.810723
0.8229
0.805645
0.811535
0.820049
0.814181
0.840202
0.824402
0.811382
0.830565
0.818555
0.813518
0.805153
0.824402
0.826303
0.812195
0.810373
0.821546
0.818182
0.815876
0.822222
0.826303
0.811229
0.822754
0.80241
0.811535
0.840067
0.825186
0.814996
0.817512
0.822607
0.819524
0.79984
0.812704
0.826987
0.828216
0.827529
0.808907
0.8229
0.824112
0.806634
0.829876
0.829187
0.826446
0.83612
0.814694
0.809562
0.809562
0.813008
0.826159
0.819524
0.831255
0.792857
0.812856
0.810877
0.815359
0.806947
0.820724
0.822076
0.808252
0.821252
0.816844
0.797923
0.817363
0.806947
0.815209
0.829734
0.838926
0.815661
0.810723
0.829876
0.819672
0.824402
0.826303
0.813518
0.825764
0.808907
0.802579
0.826987
0.797923
0.822754
0.813366
0.815661
0.821546
0.835983
0.820345
0.82793
0.830283
0.833751
0.799361
0.818704
0.810373
0.82713
0.818852
0.81367
0.810877
0.819376
0.812856
0.82562
0.81551
0.829876
0.816327
0.818182
0.830283
0.81367
0.829876
0.822368
0.81367
0.824402
0.818704
0.804505
0.814332
0.817363
0.816694
0.822222
0.80241
0.794281
0.808252
0.797923
0.810065
0.822368
0.811535
0.819524
0.818555
0.799361
0.818852
0.819376
0.808907
0.829876
0.792228
0.8
0.815359
0.825083
0.803055
0.829876
0.8285
0.817512
0.851662
0.811229
0.823045
0.819524
0.823723
0.816844
0.814845
0.827815
0.822222
0.814181
0.82713
0.808752
0.821693
0.817363
0.808752
0.820345
0.814181
0.808097
0.81551
0.806947
0.801925
0.806139
0.810373
0.808752
0.805153
0.810219
0.834725
0.820871
0.821018
0.820724
0.817661
0.812856
0.821693
0.802896
0.818182
0.820871
0.814181
0.818033
0.807599
0.809253
0.824938
0.812856
0.8
0.823287
0.809408
0.822222
0.816544
0.804348
0.812856
0.826303
0.804996
0.803213
0.808252
0.816844
0.808907
0.815661
0.806947
0.818331
0.807599
0.820871
0.814845
0.804996
0.827529
0.830424
0.814029
0.818182
0.80419
0.813008
0.814694
0.820345
0.812195
0.81367
0.809253
0.820197
0.81103
0.83222
0.820197
0.816327
0.814694
0.827386
0.824112
0.826446
0.814996
0.811229
0.807103
0.793651
0.826446
0.813518
0.811688
0.804996
0.814332
0.814181
0.804505
0.813008
0.835422
0.813518
0.819001
0.831947
0.818704
0.825476
0.835284
0.795382
0.829187
0.814996
0.822076
0.813518
0.821546
0.816176
0.81551
0.820049
0.823578
0.816694
0.801766
0.822754
0.831115
0.817363
0.819376
0.821399
0.81551
0.816844
0.809408
0.822368
0.815661
0.822754
0.817363
0.807599
0.826159
0.804032
0.829187
0.829187
0.820345
0.800803
0.821018
0.820049
0.801282
0.8
0.829734
0.816993
0.824402
0.811688
0.816993
0.812704
0.824402
0.817512
0.805153
0.821546
0.819672
0.7984
0.818331
0.825764
0.798722
0.833055
0.810219
0.816993
0.829046
0.813878
0.813518
0.839933
0.824257
0.801925
0.817661
0.823045
0.816327
0.82562
0.827243
0.814996
0.831115
0.815359
0.808252
0.808752
0.831115
0.811229
0.833612
0.814996
0.812704
0.814332
0.805645
0.816844
0.825083
0.826987
0.790642
0.800481
0.824402
0.812856
0.826987
0.8229
0.821546
0.817363
0.85034
0.822076
0.823432
0.803859
0.81103
0.810569
0.808407
0.823045
0.798561
0.811688
0.820197
0.81551
0.816844
0.815057
0.823432
0.814181
0.802092
0.800963
0.824257
0.814029
0.797287
0.820871
0.805982
0.821693
0.802251
0.810373
0.826159
0.806295
0.828904
0.813008
0.835846
0.801123
0.804348
0.809061
0.808097
0.830424
0.810373
0.818182
0.810877
0.7992
0.819376
0.819672
0.823578
0.809408
0.831807
0.821018
0.808252
0.824257
0.824257
0.817512
0.8229
0.817661
0.818852
0.816844
0.833333
0.789889
0.83612
0.803701
0.818852
0.829734
0.830565
0.829187
0.812856
0.832639
0.812195
0.816844
0.811889
0.834586
0.823432
0.820345
0.825476
0.80419
0.819376
0.8229
0.805645
0.817661
0.819376
0.817661
0.826303
0.830283
0.806947
0.820197
0.810219
0.806791
0.818033
0.800803
0.817363
0.800963
0.825764
0.817661
0.816844
0.814029
0.817512
0.809562
0.823045
0.820345
0.834725
0.814694
0.804348
0.811075
0.815359
0.814845
0.823432
0.801766
0.820871
0.821782
0.835008
0.824938
0.823432
0.810373
0.82713
0.815359
0.819672
0.805802
0.822754
0.810219
0.834028
0.815661
0.821546
0.822222
0.810373
0.805488
0.83612
0.820871
0.819672
0.829593
0.7984
0.817363
0.807599
0.829858
0.806947
0.818331
0.81551
0.812704
0.826446
0.789056
0.809562
0.807599
0.825764
0.815661
0.822754
0.823821
0.822368
0.81551
0.824938
0.810065
0.839631
0.806947
0.808252
0.808252
0.814845
0.813008
0.81367
0.823723
0.810373
0.813725
0.824402
0.817734
0.831255
0.809408
0.809408
0.815661
0.818182
0.795382
0.83612
0.806139
0.814996
0.81103
0.802738
0.808597
0.807599
0.825476
0.824112
0.818331
0.838223
0.826446
0.824938
0.796813
0.825764
0.804348
0.825764
0.805802
0.807103
0.823723
0.805645
0.820049
0.828358
0.840336
0.818555
0.813008
0.818331
0.816844
0.83909
0.798561
0.824938
0.821018
0.832639
0.807754
0.816327
0.823432
0.820345
0.8
0.819524
0.814181
0.828073
0.809717
0.816176
0.808907
0.835422
0.813366
0.816327
0.834586
0.817661
0.817363
0.826303
0.825186
0.804348
0.801925
0.807599
0.813366
0.814181
0.826303
0.823821
0.79984
0.823432
0.827815
0.800161
0.821018
0.808252
0.808907
0.814391
0.803701
0.816694
0.805802
0.830424
0.8229
0.819672
0.801606
0.818182
0.816844
0.804996
0.808407
0.81103
0.811688
0.798561
0.821018
0.800803
0.817661
0.824112
0.798722
0.821693
0.830424
0.821546
0.814029
0.835983
0.82562
0.834725
0.829734
0.818182
0.805331
0.803055
0.817661
0.844332
0.816176
0.801282
0.813366
0.814996
0.824257
0.7976
0.816844
0.823045
0.826159
0.820049
0.830142
0.803701
0.817512
0.820049
0.826303
0.816026
0.825476
0.811535
0.824793
0.822222
0.806295
0.814845
0.803859
0.808252
0.823723
0.831115
0.807754
0.824112
0.824112
0.799679
0.824938
0.814332
0.816844
0.814332
0.813214
0.820049
0.814181
0.810877
0.8285
0.821693
0.789889
0.813518
0.833333
0.818182
0.835422
0.819672
0.818852
0.809408
0.806295
0.803213
0.823723
0.811075
0.806139
0.813518
0.809717
0.837951
0.816327
0.801925
0.801925
0.823432
0.803226
0.806452
0.813518
0.830833
0.817512
0.804505
0.801766
0.831667
0.838223
0.804505
0.804996
0.816327
0.810877
0.820871
0.82562
0.835422
0.819228
0.819672
0.812348
0.829734
0.821546
0.823578
0.797448
0.812856
0.813518
0.802896
0.83682
0.819001
0.813366
0.817512
0.811688
0.818033
0.840775
0.816993
0.816694
0.819079
0.802896
0.796178
0.801925
0.817363
0.805153
0.802251
0.816176
0.815661
0.805645
0.821018
0.812856
0.810065
0.804996
0.810219
0.82562
0.816176
0.821018
0.818852
0.815661
0.805488
0.816993
0.823287
0.824402
0.806947
0.823578
0.812042
0.816993
0.82713
0.812551
0.803055
0.826446
0.807103
0.797923
0.801606
0.829046
0.831255
0.821546
0.806452
0.830565
0.817661
0.810373
0.816993
0.81367
0.823045
0.808907
0.824938
0.820724
0.810065
0.818033
0.808252
0.820197
0.823045
0.825764
0.807754
0.820049
0.818331
0.811535
0.803701
0.827815
0.8267
0.808752
0.823432
0.830565
0.818852
0.815661
0.823578
0.835422
0.797448
0.818331
0.835146
0.813518
0.791435
0.816026
0.819901
0.819376
0.806295
0.816176
0.805645
0.812704
0.810373
0.823723
0.831115
0.817661
0.84375
0.797923
0.826303
0.820724
0.804505
0.827672
0.804348
0.812042
0.831115
0.816993
0.812856
0.821018
0.833751
0.827672
0.809408
0.803213
0.81551
0.813518
0.822076
0.811535
0.812856
0.833333
0.804996
0.823723
0.826987
0.826303
0.822222
0.818331
0.813008
0.806791
0.803859
0.829734
0.829187
0.819524
0.81367
0.816694
0.808252
0.816026
0.808252
0.817512
0.831807
0.822368
0.805802
0.820871
0.827529
0.834448
0.820197
0.820345
0.818033
0.799519
0.82562
0.807754
0.817512
0.823045
0.824938
0.813008
0.805645
0.816993
0.817512
0.821929
0.83612
0.810065
0.817512
0.819672
0.823723
0.823723
0.821105
0.826446
0.824402
0.816026
0.808907
0.830974
0.822222
0.818852
0.824112
0.812704
0.825476
0.819001
0.829046
0.812042
0.81367
0.810723
0.818704
0.809562
0.810065
0.833194
0.84674
0.821546
0.831667
0.810723
0.827815
0.820345
0.829593
0.83389
0.813366
0.82713
0.818406
0.811688
0.813008
0.816844
0.819001
0.818555
0.830565
0.830974
0.797287
0.824938
0.823723
0.816176
0.8229
0.800641
0.826446
0.835422
0.818704
0.817512
0.804348
0.830565
0.803213
0.819001
0.805825
0.818182
0.807942
0.828358
0.800641
0.810415
0.805802
0.826159
0.818852
0.815359
0.826987
0.807103
0.801447
0.834725
0.809562
0.807754
0.819672
0.816176
0.810219
0.824402
0.794422
0.813518
0.812856
0.809717
0.818182
0.800321
0.809061
0.812348
0.816327
0.823723
0.806791
0.823432
0.834028
0.821018
0.824257
0.829046
0.7992
0.818331
0.808597
0.828358
0.795219
0.816176
0.803701
0.812348
0.831255
0.806452
0.817661
0.809717
0.815359
0.837385
0.822368
0.814845
0.812704
0.827815
0.824402
0.821546
0.812704
0.820197
0.827815
0.792228
0.81103
0.816844
0.81367
0.829046
0.813008
0.817363
0.804348
0.823432
0.808097
0.825476
0.808907
0.814029
0.829451
0.796178
0.807754
0.827815
0.812195
0.828358
0.806139
0.822222
0.818182
0.801925
0.804839
0.820345
0.808252
0.810219
0.813008
0.8
0.811075
0.813008
0.820724
0.809562
0.813518
0.832639
0.818704
0.832639
0.816694
0.827672
0.834725
0.818704
0.810219
0.814332
0.829876
0.826446
0.821546
0.827815
0.823045
0.827672
0.819672
0.819001
0.828358
0.812856
0.824402
0.825764
0.819228
0.820197
0.809717
0.820049
0.810723
0.822368
0.803055
0.810569
0.819001
0.808097
0.80241
0.813008
0.803859
0.828216
0.816176
0.820345
0.817512
0.803213
0.801282
0.805488
0.826987
0.806791
0.831255
0.818182
0.838087
0.821693
0.807599
0.8229
0.818852
0.815876
0.822076
0.814332
0.816844
0.828216
0.835846
0.816694
0.813518
0.81103
0.805331
0.823578
0.810065
0.817661
0.811688
0.796178
0.833333
0.831807
0.822368
0.8285
0.838926
0.826159
0.821693
0.800321
0.826446
0.804996
0.817661
0.810569
0.821018
0.835284
0.839631
0.814694
0.807599
0.808597
0.802568
0.824938
0.806452
0.808097
0.810219
0.809061
0.824257
0.820197
0.797287
0.812348
0.830424
0.80241
0.800641
0.824112
0.816844
0.819001
0.816327
0.814996
0.808597
0.818852
0.813214
0.834448
0.826303
0.804839
0.82562
0.804505
0.81551
0.812704
0.813366
0.818331
0.795382
0.809717
0.810415
0.822368
0.80241
0.819001
0.797287
0.818331
0.815661
0.826843
0.826446
0.810373
0.821252
0.825476
0.821693
0.823723
0.803213
0.820724
0.798878
0.805488
0.819672
0.830142
0.820197
0.813366
0.809408
0.805802
0.812704
0.828358
0.824938
0.817213
0.821693
0.825764
0.812856
0.818182
0.827529
0.810373
0.816327
0.809061
0.83682
0.809562
0.809717
0.813518
0.81551
0.827815
0.819901
0.812195
0.817363
0.814029
0.819672
0.834586
0.818331
0.786446
0.829876
0.818331
0.806452
0.801123
0.820345
0.810373
0.816844
0.816993
0.803055
0.826159
0.816993
0.804996
0.830565
0.812348
0.806791
0.829734
0.803213
0.830424
0.809562
0.810877
0.81103
0.786898
0.824793
0.811382
0.820576
0.827815
0.820345
0.823723
0.824257
0.83389
0.818852
0.823045
0.816844
0.820576
0.804348
0.814181
0.821546
0.801766
0.800641
0.820871
0.815661
0.807599
0.825764
0.812348
0.798085
0.808252
0.82562
0.816176
0.826303
0.820049
0.822368
0.820871
0.819524
0.810373
0.819672
0.806295
0.824648
0.816327
0.814845
0.801447
0.822754
0.814181
0.820197
0.807942
0.816327
0.809562
0.824257
0.817363
0.822368
0.816993
0.820049
0.822754
0.807754
0.816544
0.824402
0.814845
0.826987
0.826159
0.811382
0.806791
0.808407
0.806295
0.805802
0.814332
0.824112
0.818331
0.807443
0.826987
0.791766
0.81103
0.808407
0.809061
0.817661
0.809061
0.825764
0.814029
0.824938
0.817512
0.828904
0.8285
0.7992
0.800963
0.794913
0.801606
0.813518
0.833473
0.814845
0.82562
0.805153
0.810877
0.803859
0.814181
0.809061
0.821693
0.797923
0.807103
0.805982
0.830833
0.829734
0.818331
0.80241
0.811382
0.790808
0.805153
0.805153
0.827815
0.829734
0.814181
0.814845
0.815661
0.818331
0.813518
0.812195
0.793487
0.821693
0.831255
0.821693
0.811535
0.8229
0.822222
0.835422
0.807754
0.809717
0.802092
0.813214
0.820871
0.815057
0.830424
0.810065
0.814996
0.812856
0.813008
0.810065
0.823723
0.806791
0.796962
0.819001
0.814694
0.810219
0.823287
0.813214
0.808907
0.824793
0.819001
0.814029
0.807103
0.818182
0.830565
0.829046
0.810877
0.812042
0.824257
0.810723
0.814029
0.840909
0.807599
0.805331
0.818182
0.824793
0.820871
0.807287
0.803701
0.823723
0.812245
0.827815
0.806295
0.835846
0.788022
0.815661
0.813518
0.818331
0.822368
0.815661
0.834725
0.827386
0.830565
0.805645
0.824257
0.807599
0.813061
0.813518
0.822368
0.830565
0.792693
0.803701
0.817363
0.818331
0.805488
0.820049
0.812195
0.834586
0.80241
0.819228
0.819672
0.825476
0.826446
0.803055
0.822222
0.823723
0.817661
0.8325
0.809408
0.803213
0.808252
0.829734
0.822754
0.812704
0.814996
0.821105
0.812856
0.821546
0.825083
0.808097
0.813366
0.805645
0.823045
0.820871
0.819001
0.806791
0.820871
0.808752
0.82562
0.809717
0.823287
0.830565
0.805488
0.821693
0.808407
0.813008
0.831947
0.806295
0.816026
0.825083
0.816327
0.800641
0.815661
0.828904
0.817213
0.83236
0.814845
0.812195
0.821105
0.809562
0.812856
0.810373
0.814845
0.809717
0.817661
0.827672
0.812195
0.809061
0.806452
0.811688
0.817661
0.817512
0.818704
0.81367
0.804996
0.831667
0.825331
0.81103
0.820724
0.821546
0.813518
0.833612
0.818182
0.81551
0.825764
0.817512
0.808752
0.828216
0.828761
0.801766
0.824257
0.817512
0.803859
0.802568
0.813518
0.815359
0.81551
0.803701
0.808907
0.812856
0.816694
0.823723
0.809717
0.82713
0.803859
0.819001
0.823578
0.805802
0.821929
0.81551
0.812856
0.823578
0.810373
0.823723
0.821252
0.808407
0.807942
0.8325
0.829187
0.824402
0.817363
0.816844
0.829187
0.814332
0.830424
0.814332
0.817213
0.797287
0.828216
0.826159
0.810723
0.822368
0.812348
0.809253
0.8325
0.800321
0.823723
0.813366
0.814181
0.814996
0.824257
0.827529
0.831115
0.818852
0.808907
0.814181
0.823432
0.822754
0.818704
0.818331
0.819001
0.825764
0.81367
0.808097
0.820345
0.827529
0.825083
0.818033
0.814845
0.825764
0.819001
0.799679
0.819524
0.819672
0.811889
0.811688
0.812042
0.818331
0.812348
0.818852
0.831255
0.823578
0.793021
0.821105
0.812348
0.800641
0.797125
0.827529
0.813214
0.814694
0.818852
0.827243
0.818182
0.822368
0.817661
0.814332
0.819901
0.829876
0.793021
0.819605
0.836272
0.814391
0.81551
0.829187
0.819901
0.812195
0.828904
0.838655
0.821399
0.812704
0.834028
0.810065
0.816544
0.811688
0.816327
0.823578
0.808597
0.806295
0.811535
0.81103
0.834586
0.83682
0.804348
0.814181
0.809911
0.816327
0.813518
0.824402
0.8229
0.811688
0.809717
0.807443
0.824938
0.805488
0.830692
0.819524
0.82562
0.814996
0.809756
0.808597
0.819524
0.812704
0.840202
0.806295
0.806947
0.808252
0.819001
0.826843
0.811688
0.804505
0.805153
0.805645
0.814181
0.80241
0.803859
0.801766
0.796488
0.801925
0.808097
0.812348
0.828904
0.821252
0.820871
0.814845
0.800481
0.817363
0.822754
0.807287
0.80419
0.807599
0.817512
0.803213
0.801123
0.813518
0.816993
0.822607
0.824793
0.803543
0.822754
0.817213
0.814845
0.824402
0.827529
0.818331
0.819001
0.818704
0.804348
0.827815
0.810373
0.826446
0.810373
0.816327
0.815661
0.814332
0.810219
0.79127
0.810065
0.819001
0.814996
0.826303
0.824938
0.798722
0.820871
0.817363
0.826159
0.829046
0.797448
0.8229
0.833333
0.822368
0.817363
0.823045
0.824793
0.818331
0.811688
0.809061
0.812551
0.823045
0.81367
0.807754
0.819524
0.809717
0.827529
0.823578
0.821546
0.827672
0.824257
0.799361
0.819672
0.819001
0.801282
0.799679
0.825476
0.818852
0.800481
0.795545
0.810877
0.816327
0.812195
0.823723
0.810219
0.808407
0.824257
0.810877
0.82562
0.800963
0.811535
0.820197
0.809717
0.826843
0.813518
0.812348
0.820345
0.825476
0.811889
0.820049
0.832916
0.810877
0.819376
0.824793
0.811736
0.798722
0.822368
0.806452
0.816176
0.831255
0.799679
0.807754
0.818331
0.81367
0.814845
0.809717
0.814332
0.816993
0.812042
0.817512
0.820049
0.837385
0.816844
0.806791
0.819672
0.827815
0.816993
0.825083
0.809408
0.812042
0.812856
0.807443
0.817661
0.806947
0.829734
0.808252
0.806791
0.838655
0.818852
0.810065
0.820049
0.812348
0.810373
0.803055
0.821018
0.823723
0.823432
0.81367
0.819524
0.808907
0.820049
0.834028
0.825476
0.81367
0.818331
0.823045
0.82562
0.824793
0.813008
0.807754
0.827672
0.819524
0.816993
0.827815
0.831255
0.815661
0.804681
0.827815
0.806452
0.818033
0.810877
0.808252
0.823045
0.8285
0.829734
0.796651
0.826446
0.821546
0.819524
0.813366
0.820871
0.802092
0.817512
0.816176
0.808097
0.829046
0.819672
0.816694
0.830565
0.821693
0.800161
0.833055
0.817661
0.829046
0.837248
0.823045
0.823045
0.810219
0.829046
0.794749
0.810373
0.804996
0.812551
0.824257
0.840336
0.807942
0.816327
0.803543
0.819001
0.818182
0.818406
0.814996
0.800481
0.826987
0.813366
0.81551
0.805802
0.821018
0.823045
0.831115
0.808752
0.81367
0.807754
0.801282
0.821546
0.80241
0.829593
0.825083
0.807443
0.816694
0.81551
0.823578
0.813366
0.797287
0.838223
0.805802
0.808752
0.814332
0.812348
0.810065
0.810569
0.810219
0.811535
0.830424
0.833194
0.7984
0.819524
0.816327
0.812856
0.799679
0.812195
0.800481
0.812348
0.817884
0.819001
0.813008
0.83389
0.814845
0.822368
0.812551
0.814181
0.820197
0.826303
0.814332
0.812856
0.812042
0.800641
0.824793
0.807103
0.810219
0.805802
0.818331
0.802896
0.808907
0.839631
0.811535
0.812856
0.808252
0.830424
0.812856
0.805802
0.814181
0.827672
0.826159
0.826987
0.809408
0.826987
0.828358
0.818852
0.82713
0.801766
0.824793
0.813008
0.808407
0.814996
0.820871
0.82713
0.812856
0.847328
0.812195
0.796651
0.830565
0.813366
0.818704
0.813366
0.820345
0.814542
0.805153
0.804839
0.813518
0.804505
0.830833
0.816993
0.805802
0.823045
0.822076
0.811535
0.821546
0.805645
0.811535
0.81551
0.819228
0.819524
0.801925
0.817661
0.83236
0.815661
0.810219
0.817213
0.807599
0.822368
0.792857
0.825476
0.824112
0.794749
0.814996
0.818852
0.809408
0.827815
0.825083
0.814845
0.807287
0.817363
0.818852
0.813518
0.806947
0.800641
0.811688
0.830565
0.818852
0.805802
0.813366
0.818182
0.789889
0.826987
0.827672
0.817661
0.840775
0.819672
0.831807
0.812704
0.818331
0.813008
0.810373
0.815661
0.804348
0.816026
0.814029
0.822076
0.797448
0.810877
0.796488
0.816176
0.821399
0.811889
0.811535
0.806452
0.796016
0.814029
0.828358
0.820197
0.828358
0.82713
0.820197
0.804505
0.816694
0.820345
0.8325
0.828073
0.824402
0.814845
0.802568
0.802568
0.799361
0.830565
0.81367
0.819228
0.81103
0.807754
0.807754
0.823967
0.805645
0.810065
0.826987
0.807443
0.814181
0.816694
0.808407
0.812704
0.805645
0.814845
0.833194
0.811535
0.825764
0.835983
0.814181
0.824402
0.801606
0.808252
0.822368
0.829734
0.798085
0.814181
0.806452
0.805645
0.819001
0.80241
0.816694
0.818852
0.800641
0.812704
0.828216
0.820197
0.816844
0.811382
0.835422
0.838791
0.807754
0.830565
0.812348
0.810877
0.816694
0.808907
0.830424
0.830424
0.825331
0.805802
0.819524
0.819524
0.831947
0.822076
0.818331
0.797762
0.835146
0.815661
0.817661
0.814181
0.835284
0.810065
0.823723
0.812856
0.818704
0.829187
0.824257
0.807754
0.823723
0.837951
0.821252
0.806452
0.823287
0.824938
0.809408
0.810219
0.824257
0.825331
0.821546
